[0.00137941, 0.276708, 1.26097] [-0.780062, -0.195395, 0.14064, -0.577534]
[0.00137941, 0.276708, 1.26097] [-0.780062, -0.195395, 0.14064, -0.577534]
[0.00137941, 0.276708, 1.26097] [-0.780062, -0.195395, 0.14064, -0.577534]
[0.00137941, 0.276708, 1.26097] [-0.780062, -0.195395, 0.14064, -0.577534]
[0.00137941, 0.276708, 1.26097] [-0.780062, -0.195395, 0.14064, -0.577534]
[0.00131837, 0.276639, 1.2618] [-0.779786, -0.195994, 0.141255, -0.577553]
[0.0013169, 0.27664, 1.2618] [-0.779784, -0.195996, 0.141255, -0.577555]
[0.00131828, 0.276676, 1.26185] [-0.779761, -0.196091, 0.14133, -0.577536]
[0.0013139, 0.276783, 1.262] [-0.779682, -0.19642, 0.141565, -0.577473]
[0.0012581, 0.27697, 1.26243] [-0.779511, -0.197322, 0.141991, -0.577291]
[0.00102023, 0.277138, 1.26307] [-0.779442, -0.199033, 0.141936, -0.57681]
[-0.000240175, 0.277269, 1.26364] [-0.779476, -0.201377, 0.141439, -0.576072]
[-0.00261532, 0.277331, 1.26397] [-0.77968, -0.204666, 0.139342, -0.575147]
[-0.0050401, 0.277474, 1.26432] [-0.780058, -0.208585, 0.1365, -0.573908]
[-0.0073088, 0.277683, 1.26476] [-0.781011, -0.213336, 0.132843, -0.571719]
[-0.00920803, 0.277905, 1.26516] [-0.78214, -0.218095, 0.129329, -0.56918]
[-0.0112772, 0.278154, 1.26548] [-0.783904, -0.223632, 0.124919, -0.565577]
[-0.0140527, 0.278473, 1.26587] [-0.785655, -0.230614, 0.119065, -0.561593]
[-0.0165617, 0.27879, 1.26623] [-0.787271, -0.236928, 0.11375, -0.557791]
[-0.0191823, 0.27904, 1.26654] [-0.788965, -0.243951, 0.107665, -0.553562]
[-0.0239119, 0.27933, 1.26677] [-0.792255, -0.255772, 0.0963745, -0.54555]
[-0.0270173, 0.279668, 1.26711] [-0.794265, -0.263523, 0.0888271, -0.540193]
[-0.0296547, 0.279973, 1.26743] [-0.795715, -0.270471, 0.0820048, -0.535685]
[-0.0325945, 0.280256, 1.26766] [-0.797604, -0.278137, 0.0739564, -0.530093]
[-0.0358915, 0.280612, 1.26796] [-0.799509, -0.286687, 0.0646655, -0.523846]
[-0.0392944, 0.280824, 1.26802] [-0.801627, -0.295416, 0.0541046, -0.516911]
[-0.041964, 0.281016, 1.26774] [-0.803562, -0.302688, 0.0446397, -0.510563]
[-0.0467677, 0.281696, 1.26738] [-0.807131, -0.317185, 0.0250032, -0.4973]
[-0.0497236, 0.28213, 1.26721] [-0.809313, -0.326227, 0.0121217, -0.488304]
[-0.0527885, 0.2825, 1.2669] [-0.811528, -0.335464, -0.00183297, -0.478417]
[-0.0554074, 0.282904, 1.26646] [-0.813089, -0.343153, -0.014363, -0.470028]
[-0.0579147, 0.283341, 1.26596] [-0.815006, -0.350531, -0.0275516, -0.460581]
[-0.0602192, 0.283902, 1.26566] [-0.816484, -0.357832, -0.040206, -0.451324]
[-0.0625765, 0.28427, 1.26533] [-0.817615, -0.364619, -0.0526593, -0.442478]
[-0.0654712, 0.28482, 1.26478] [-0.818808, -0.372502, -0.0681752, -0.431448]
[-0.0681048, 0.285487, 1.26421] [-0.820049, -0.379946, -0.0838259, -0.419683]
[-0.070411, 0.286198, 1.26366] [-0.821189, -0.387591, -0.10064, -0.406564]
[-0.0721206, 0.28694, 1.26295] [-0.821956, -0.394878, -0.117504, -0.393259]
[-0.0731177, 0.287695, 1.26247] [-0.822681, -0.401002, -0.132346, -0.380628]
[-0.0738512, 0.288455, 1.26226] [-0.823085, -0.40686, -0.146585, -0.368116]
[-0.074469, 0.289262, 1.26216] [-0.822914, -0.412887, -0.160942, -0.355577]
[-0.0748881, 0.290116, 1.26174] [-0.822707, -0.418864, -0.176958, -0.341162]
[-0.0749126, 0.291077, 1.2614] [-0.822417, -0.424874, -0.194431, -0.324513]
[-0.0747302, 0.291875, 1.26134] [-0.821594, -0.429861, -0.208567, -0.310971]
[-0.0741886, 0.292838, 1.26093] [-0.820392, -0.434947, -0.224298, -0.295751]
[-0.073262, 0.294064, 1.26044] [-0.819159, -0.43959, -0.241757, -0.278017]
[-0.0721756, 0.295491, 1.25967] [-0.81714, -0.443979, -0.25938, -0.260551]
[-0.0711021, 0.29666, 1.25875] [-0.81517, -0.447147, -0.27409, -0.245829]
[-0.0695074, 0.298228, 1.25712] [-0.812936, -0.449708, -0.292477, -0.226616]
[-0.0670479, 0.300591, 1.2547] [-0.80884, -0.452596, -0.316989, -0.20113]
[-0.0651958, 0.302089, 1.25296] [-0.805838, -0.453685, -0.333165, -0.183837]
[-0.0625199, 0.304011, 1.25086] [-0.801997, -0.454612, -0.351022, -0.164051]
[-0.0597278, 0.30593, 1.24884] [-0.798, -0.455328, -0.36672, -0.146249]
[-0.0569716, 0.307782, 1.24702] [-0.793946, -0.455085, -0.382342, -0.127911]
[-0.053419, 0.309855, 1.24437] [-0.788949, -0.454615, -0.398794, -0.108849]
[-0.0499548, 0.312034, 1.24157] [-0.784224, -0.452638, -0.414782, -0.0898162]
[-0.0466745, 0.313971, 1.23887] [-0.779639, -0.450901, -0.428217, -0.0740413]
[-0.0433989, 0.315892, 1.23603] [-0.775018, -0.448513, -0.441303, -0.0586082]
[-0.0403337, 0.317744, 1.23333] [-0.769912, -0.44527, -0.45515, -0.0425241]
[-0.037074, 0.319719, 1.23026] [-0.765008, -0.442117, -0.46744, -0.028196]
[-0.0337551, 0.321868, 1.22697] [-0.75982, -0.437351, -0.480874, -0.0125904]
[-0.0305898, 0.323997, 1.22416] [-0.753963, -0.433023, -0.493992, 0.00204723]
[-0.0273983, 0.325937, 1.22139] [-0.74918, -0.428289, -0.505038, 0.0153276]
[-0.023991, 0.328116, 1.21826] [-0.744036, -0.422674, -0.516647, 0.0288615]
[-0.0210803, 0.330168, 1.2158] [-0.738619, -0.417353, -0.527799, 0.0410791]
[-0.0183198, 0.332266, 1.21353] [-0.732933, -0.411396, -0.539164, 0.0535304]
[-0.0160116, 0.334063, 1.2106] [-0.729055, -0.405207, -0.547992, 0.0631796]
[-0.0130041, 0.336657, 1.20665] [-0.722728, -0.396354, -0.560962, 0.0767455]
[-0.0103053, 0.338802, 1.20323] [-0.71835, -0.3891, -0.570127, 0.0867731]
[-0.00803275, 0.34071, 1.20057] [-0.714977, -0.382721, -0.577395, 0.0945872]
[-0.00484895, 0.34339, 1.19797] [-0.709301, -0.374565, -0.587846, 0.105027]
[-0.0016171, 0.346147, 1.19563] [-0.704352, -0.366366, -0.597336, 0.113373]
[0.00170052, 0.349013, 1.19334] [-0.699364, -0.357346, -0.607017, 0.121343]
[0.00432399, 0.351596, 1.19176] [-0.695672, -0.350176, -0.614368, 0.126365]
[0.00662781, 0.354203, 1.19018] [-0.692118, -0.342271, -0.621866, 0.130791]
[0.0083162, 0.356327, 1.18871] [-0.689559, -0.334978, -0.627851, 0.134542]
[0.0101786, 0.358539, 1.18783] [-0.687093, -0.328991, -0.633273, 0.136507]
[0.0123794, 0.361098, 1.18656] [-0.684469, -0.321669, -0.639308, 0.138985]
[0.0142089, 0.363315, 1.18572] [-0.682279, -0.314101, -0.644847, 0.14145]
[0.0165435, 0.365894, 1.18492] [-0.680127, -0.307371, -0.650114, 0.142487]
[0.0192246, 0.368384, 1.18432] [-0.67787, -0.300654, -0.655266, 0.143968]
[0.0215013, 0.37084, 1.18402] [-0.675794, -0.293403, -0.660364, 0.145383]
[0.0235271, 0.373548, 1.1833] [-0.674606, -0.286018, -0.66492, 0.144852]
[0.0246437, 0.37559, 1.18273] [-0.674319, -0.279278, -0.668226, 0.144124]
[0.0255828, 0.378208, 1.182] [-0.674249, -0.269763, -0.672447, 0.142937]
[0.0263799, 0.380244, 1.1811] [-0.674881, -0.262875, -0.675017, 0.140658]
[0.0271089, 0.38206, 1.18024] [-0.676131, -0.254855, -0.67717, 0.139055]
[0.0279352, 0.384326, 1.17889] [-0.677823, -0.245933, -0.679334, 0.136299]
[0.0292898, 0.386539, 1.17789] [-0.679505, -0.237207, -0.681192, 0.134103]
[0.0301232, 0.388436, 1.17673] [-0.682054, -0.228659, -0.682149, 0.131114]
[0.0312241, 0.390433, 1.17526] [-0.684817, -0.219995, -0.68284, 0.127895]
[0.0319912, 0.392327, 1.17423] [-0.686716, -0.211037, -0.684062, 0.126271]
[0.0328601, 0.394885, 1.17206] [-0.691937, -0.197695, -0.683804, 0.120631]
[0.0336329, 0.396862, 1.17085] [-0.695059, -0.188248, -0.683951, 0.116904]
[0.0345285, 0.398616, 1.16941] [-0.698356, -0.178054, -0.683763, 0.114297]
[0.0363966, 0.402065, 1.16645] [-0.705545, -0.159285, -0.682191, 0.107005]
[0.038681, 0.4056, 1.16267] [-0.714991, -0.137261, -0.678444, 0.0982867]
[0.0396514, 0.407051, 1.16101] [-0.719434, -0.126787, -0.676247, 0.09502]
[0.040613, 0.408149, 1.15939] [-0.723361, -0.118073, -0.674133, 0.0913956]
[0.0417562, 0.409557, 1.15773] [-0.72824, -0.10764, -0.671123, 0.0875973]
[0.0427979, 0.410459, 1.15648] [-0.732023, -0.100963, -0.668437, 0.0845053]
[0.0440048, 0.411555, 1.15528] [-0.735764, -0.0925116, -0.66587, 0.0819097]
[0.0453873, 0.412282, 1.15364] [-0.740435, -0.0848945, -0.662106, 0.0785114]
[0.0468816, 0.413371, 1.15212] [-0.74482, -0.0761261, -0.658539, 0.0759962]
[0.0481755, 0.41398, 1.1507] [-0.749168, -0.0695648, -0.654706, 0.0725766]
[0.0495406, 0.414636, 1.14911] [-0.753902, -0.0603666, -0.650421, 0.0702792]
[0.0510746, 0.415153, 1.14773] [-0.758687, -0.0536422, -0.645766, 0.0671021]
[0.0526148, 0.415647, 1.14639] [-0.763281, -0.0458623, -0.64111, 0.0654022]
[0.0541703, 0.41593, 1.14497] [-0.768277, -0.0392525, -0.635925, 0.0617085]
[0.0558414, 0.416044, 1.14328] [-0.773495, -0.0318119, -0.630161, 0.0599205]
[0.0574683, 0.41601, 1.14186] [-0.778321, -0.0259932, -0.624642, 0.0579976]
[0.0592242, 0.415885, 1.14021] [-0.783653, -0.0201319, -0.618347, 0.055933]
[0.0608079, 0.415732, 1.13832] [-0.788775, -0.0134852, -0.612061, 0.0550825]
[0.062463, 0.415333, 1.13619] [-0.79479, -0.00753093, -0.60453, 0.0528718]
[0.0640123, 0.415008, 1.13404] [-0.800042, -0.00215781, -0.597693, 0.0518801]
[0.0657636, 0.414772, 1.13169] [-0.805704, 0.0038261, -0.590031, 0.0518692]
[0.0674612, 0.414519, 1.1293] [-0.810885, 0.00867923, -0.582848, 0.0517579]
[0.0690317, 0.414342, 1.12725] [-0.815938, 0.012901, -0.575708, 0.0513688]
[0.0706373, 0.414218, 1.1247] [-0.821464, 0.0181766, -0.56762, 0.0517086]
[0.0719864, 0.414168, 1.12259] [-0.826315, 0.0225019, -0.560381, 0.0516721]
[0.0735109, 0.414062, 1.12014] [-0.831028, 0.0262231, -0.553245, 0.0512315]
[0.0754984, 0.413893, 1.11765] [-0.836077, 0.030067, -0.545367, 0.0514445]
[0.0776114, 0.41379, 1.11524] [-0.840861, 0.0335306, -0.537715, 0.0518796]
[0.0797712, 0.413666, 1.11254] [-0.845821, 0.0371911, -0.529584, 0.0523824]
[0.0814629, 0.413735, 1.11029] [-0.850153, 0.0402653, -0.522344, 0.0526771]
[0.0833478, 0.413585, 1.10699] [-0.855582, 0.0445593, -0.513013, 0.0530119]
[0.0846322, 0.413729, 1.10457] [-0.859729, 0.0472786, -0.50584, 0.0525006]
[0.0858505, 0.413899, 1.10231] [-0.863916, 0.0498641, -0.498476, 0.0518113]
[0.087081, 0.414275, 1.09932] [-0.868494, 0.0530372, -0.490219, 0.0508885]
[0.0881615, 0.414494, 1.09608] [-0.872853, 0.0562328, -0.482158, 0.0498851]
[0.0890001, 0.415023, 1.09293] [-0.876671, 0.0587854, -0.474946, 0.0491684]
[0.0900307, 0.41547, 1.08914] [-0.880965, 0.0616863, -0.466606, 0.0487276]
[0.0908528, 0.41603, 1.0859] [-0.884465, 0.0637564, -0.459665, 0.0486315]
[0.0916563, 0.416664, 1.0825] [-0.88786, 0.0654785, -0.452806, 0.0488263]
[0.0926693, 0.417122, 1.07856] [-0.891498, 0.0671769, -0.445356, 0.0487451]
[0.0934355, 0.417725, 1.07499] [-0.894242, 0.0681025, -0.439695, 0.0486027]
[0.0948316, 0.418145, 1.07043] [-0.897976, 0.069145, -0.431914, 0.048053]
[0.0957836, 0.418621, 1.06665] [-0.900958, 0.0694377, -0.42568, 0.0474185]
[0.0960476, 0.419226, 1.06364] [-0.903018, 0.0689956, -0.421432, 0.0468189]
[0.0964975, 0.419531, 1.05972] [-0.906063, 0.0692094, -0.414927, 0.0457845]
[0.0966288, 0.419647, 1.05585] [-0.908607, 0.0698899, -0.409301, 0.044959]
[0.0964008, 0.419851, 1.05216] [-0.910236, 0.0699303, -0.405795, 0.0437034]
[0.0963364, 0.419984, 1.04716] [-0.912315, 0.0702406, -0.401157, 0.0426794]
[0.096391, 0.419884, 1.04282] [-0.914097, 0.0710313, -0.396995, 0.0421441]
[0.0963374, 0.419597, 1.0385] [-0.915705, 0.0720054, -0.393198, 0.0411754]
[0.0956515, 0.419594, 1.03375] [-0.916858, 0.0722071, -0.390618, 0.0396972]
[0.0951044, 0.419617, 1.02747] [-0.918352, 0.0723095, -0.387172, 0.0387113]
[0.0949729, 0.419245, 1.02186] [-0.919509, 0.0723849, -0.384564, 0.0370803]
[0.0945587, 0.418661, 1.01555] [-0.920389, 0.072874, -0.382387, 0.0367872]
[0.0941719, 0.417908, 1.00935] [-0.921265, 0.0727521, -0.38045, 0.0351455]
[0.0937385, 0.417297, 1.00515] [-0.921758, 0.0725263, -0.379335, 0.0347285]
[0.0932542, 0.416598, 1.00083] [-0.922036, 0.0718564, -0.378851, 0.034033]
[0.0929758, 0.415581, 0.996938] [-0.922244, 0.0708475, -0.378622, 0.0330488]
[0.0930861, 0.414544, 0.993399] [-0.922443, 0.0701506, -0.378232, 0.0334484]
[0.0933622, 0.413235, 0.989801] [-0.922739, 0.068697, -0.377813, 0.0330291]
[0.0937096, 0.411989, 0.986483] [-0.922989, 0.0676321, -0.377358, 0.0334269]
[0.0939408, 0.410473, 0.983482] [-0.923124, 0.066875, -0.377162, 0.0334529]
[0.0941723, 0.40897, 0.980214] [-0.923181, 0.0657364, -0.377238, 0.0332596]
[0.0944334, 0.407486, 0.977202] [-0.923128, 0.0650322, -0.377397, 0.0342985]
[0.0951574, 0.404572, 0.971496] [-0.922748, 0.063456, -0.378475, 0.0355782]
[0.0958422, 0.402352, 0.967947] [-0.922441, 0.0628989, -0.379166, 0.037141]
[0.0963497, 0.40055, 0.965397] [-0.922089, 0.061563, -0.38013, 0.0382644]
[0.0966947, 0.398753, 0.962977] [-0.92163, 0.0599272, -0.381417, 0.0390933]
[0.096962, 0.396804, 0.960682] [-0.921272, 0.0586189, -0.382337, 0.0404957]
[0.0970121, 0.395137, 0.958396] [-0.920758, 0.0577233, -0.383555, 0.0419371]
[0.096883, 0.392679, 0.955437] [-0.919955, 0.0565048, -0.385462, 0.0436877]
[0.0969975, 0.39004, 0.952552] [-0.919733, 0.0562193, -0.385914, 0.0447263]
[0.0968957, 0.387759, 0.950181] [-0.919397, 0.0560344, -0.386556, 0.0462915]
[0.0966358, 0.385713, 0.947965] [-0.919137, 0.0550628, -0.387186, 0.0473563]
[0.0963631, 0.383409, 0.945435] [-0.919107, 0.0547088, -0.387191, 0.0482847]
[0.0960027, 0.380572, 0.942527] [-0.919213, 0.0548071, -0.386818, 0.0491432]
[0.0956213, 0.377943, 0.939946] [-0.919242, 0.0554158, -0.386489, 0.0504939]
[0.0953939, 0.376062, 0.938125] [-0.919346, 0.0554386, -0.386126, 0.0513409]
[0.0950564, 0.374191, 0.936441] [-0.919403, 0.055609, -0.385922, 0.0516716]
[0.0947194, 0.372554, 0.93469] [-0.919497, 0.0556333, -0.385668, 0.051863]
[0.0941928, 0.370588, 0.932555] [-0.919498, 0.0560351, -0.385573, 0.0521242]
[0.093456, 0.368582, 0.930034] [-0.919418, 0.0566686, -0.385639, 0.0523646]
[0.0927498, 0.367033, 0.928058] [-0.91933, 0.0569698, -0.385818, 0.0522541]
[0.0918555, 0.365319, 0.926013] [-0.919139, 0.0574612, -0.386188, 0.0523522]
[0.090909, 0.363582, 0.923844] [-0.918952, 0.0577296, -0.386652, 0.0519146]
[0.0900871, 0.362341, 0.922202] [-0.918803, 0.0575185, -0.387118, 0.0513107]
[0.0892374, 0.360956, 0.920188] [-0.918655, 0.057705, -0.387444, 0.0512935]
[0.0885103, 0.3596, 0.918065] [-0.918652, 0.0581135, -0.387407, 0.0511548]
[0.0877712, 0.358263, 0.915575] [-0.918814, 0.0582014, -0.387064, 0.0507419]
[0.0871272, 0.357202, 0.913625] [-0.919026, 0.0581344, -0.38661, 0.0504403]
[0.0865932, 0.356513, 0.911878] [-0.919348, 0.0576374, -0.386002, 0.0497867]
[0.0860285, 0.355951, 0.910007] [-0.919782, 0.0567828, -0.385221, 0.0487995]
[0.0855589, 0.355529, 0.908245] [-0.920231, 0.0558285, -0.384371, 0.0481407]
[0.0852294, 0.355356, 0.906739] [-0.92063, 0.0542391, -0.383714, 0.0475571]
[0.0850411, 0.355153, 0.905354] [-0.920891, 0.0523555, -0.38344, 0.0468323]
[0.0851698, 0.355049, 0.90386] [-0.921221, 0.0502399, -0.382985, 0.0463683]
[0.0852728, 0.355227, 0.902422] [-0.92133, 0.0475236, -0.383029, 0.046696]
[0.0852853, 0.355503, 0.901204] [-0.921272, 0.0449222, -0.383414, 0.0472581]
[0.0852395, 0.355619, 0.90013] [-0.921207, 0.0423849, -0.383901, 0.0469118]
[0.0850458, 0.35589, 0.898917] [-0.920893, 0.0388372, -0.384978, 0.0473259]
[0.0849335, 0.355835, 0.89732] [-0.920758, 0.0357058, -0.385596, 0.0473984]
[0.0845367, 0.355973, 0.895913] [-0.920548, 0.0325403, -0.386407, 0.0471315]
[0.0836132, 0.356341, 0.894543] [-0.919887, 0.028437, -0.388319, 0.0469734]
[0.0825299, 0.356717, 0.893495] [-0.919011, 0.0246109, -0.39054, 0.0478756]
[0.0816247, 0.356697, 0.8923] [-0.91845, 0.0210641, -0.392073, 0.047798]
[0.0807933, 0.356834, 0.891143] [-0.917911, 0.0173362, -0.393507, 0.0478747]
[0.0801903, 0.356644, 0.889901] [-0.917513, 0.0146361, -0.394502, 0.048209]
[0.0795085, 0.35652, 0.888715] [-0.917102, 0.0113436, -0.395577, 0.0481029]
[0.0785684, 0.356075, 0.887324] [-0.916514, 0.00824144, -0.396915, 0.0489156]
[0.0776718, 0.355417, 0.885707] [-0.916257, 0.00598552, -0.397457, 0.0496532]
[0.0765272, 0.354928, 0.884243] [-0.916019, 0.00391136, -0.398037, 0.0496029]
[0.0754073, 0.354292, 0.88297] [-0.916017, 0.00275754, -0.398067, 0.0494757]
[0.0740083, 0.353196, 0.881214] [-0.916403, 0.0022804, -0.397297, 0.0485428]
[0.072588, 0.352305, 0.87973] [-0.916761, 0.00182398, -0.396631, 0.0472115]
[0.0711442, 0.351524, 0.878413] [-0.917081, 0.00162031, -0.396016, 0.0461517]
[0.0696846, 0.350523, 0.87718] [-0.91738, 0.00120737, -0.395521, 0.0444558]
[0.0681792, 0.349453, 0.875936] [-0.917485, 0.00128133, -0.395415, 0.0432011]
[0.0666948, 0.348566, 0.874743] [-0.917505, 0.00142579, -0.395459, 0.0423693]
[0.0655269, 0.347883, 0.873889] [-0.917331, 0.00143537, -0.395905, 0.0419575]
[0.0643022, 0.347255, 0.873211] [-0.916985, 0.00116681, -0.396756, 0.0414952]
[0.0628985, 0.346595, 0.872694] [-0.916444, 0.000724243, -0.398058, 0.0409876]
[0.0615691, 0.346314, 0.872457] [-0.91552, -2.35217e-05, -0.400125, 0.0415035]
[0.0604041, 0.345916, 0.872075] [-0.914736, -0.000606678, -0.401932, 0.0413317]
[0.0604041, 0.345916, 0.872075] [-0.914736, -0.000606678, -0.401932, 0.0413317]
[0.0604041, 0.345916, 0.872075] [-0.914736, -0.000606678, -0.401932, 0.0413317]
[0.0604041, 0.345916, 0.872075] [-0.914736, -0.000606678, -0.401932, 0.0413317]
[0.0604041, 0.345916, 0.872075] [-0.914736, -0.000606678, -0.401932, 0.0413317]
[0.0604041, 0.345916, 0.872075] [-0.914736, -0.000606678, -0.401932, 0.0413317]
[0.0604041, 0.345916, 0.872075] [-0.914736, -0.000606678, -0.401932, 0.0413317]
[0.0604041, 0.345916, 0.872075] [-0.914736, -0.000606678, -0.401932, 0.0413317]
[0.0604041, 0.345916, 0.872075] [-0.914736, -0.000606678, -0.401932, 0.0413317]
[0.0604041, 0.345916, 0.872075] [-0.914736, -0.000606678, -0.401932, 0.0413317]
[0.0528785, 0.345991, 0.871079] [-0.908071, -0.00712571, -0.41651, 0.0433139]
[0.0528785, 0.345991, 0.871079] [-0.908071, -0.00712571, -0.41651, 0.0433139]
[0.0528785, 0.345991, 0.871079] [-0.908071, -0.00712571, -0.41651, 0.0433139]
[0.0528785, 0.345991, 0.871079] [-0.908071, -0.00712571, -0.41651, 0.0433139]
[0.0528785, 0.345991, 0.871079] [-0.908071, -0.00712571, -0.41651, 0.0433139]
[0.0528785, 0.345991, 0.871079] [-0.908071, -0.00712571, -0.41651, 0.0433139]
[0.0528785, 0.345991, 0.871079] [-0.908071, -0.00712571, -0.41651, 0.0433139]
[0.0533125, 0.343811, 0.867193] [-0.909082, -0.00350939, -0.414324, 0.0435151]
[0.0533125, 0.343811, 0.867193] [-0.909082, -0.00350939, -0.414324, 0.0435151]
[0.0533125, 0.343811, 0.867193] [-0.909082, -0.00350939, -0.414324, 0.0435151]
[0.0533125, 0.343811, 0.867193] [-0.909082, -0.00350939, -0.414324, 0.0435151]
[0.0533125, 0.343811, 0.867193] [-0.909082, -0.00350939, -0.414324, 0.0435151]
[0.0533125, 0.343811, 0.867193] [-0.909082, -0.00350939, -0.414324, 0.0435151]
[0.0533125, 0.343811, 0.867193] [-0.909082, -0.00350939, -0.414324, 0.0435151]
[0.0533125, 0.343811, 0.867193] [-0.909082, -0.00350939, -0.414324, 0.0435151]
[0.0533125, 0.343811, 0.867193] [-0.909082, -0.00350939, -0.414324, 0.0435151]
[0.0533125, 0.343811, 0.867193] [-0.909082, -0.00350939, -0.414324, 0.0435151]
[0.0533125, 0.343811, 0.867193] [-0.909082, -0.00350939, -0.414324, 0.0435151]
[0.0533125, 0.343811, 0.867193] [-0.909082, -0.00350939, -0.414324, 0.0435151]
[0.0533125, 0.343811, 0.867193] [-0.909082, -0.00350939, -0.414324, 0.0435151]
[0.0533125, 0.343811, 0.867193] [-0.909082, -0.00350939, -0.414324, 0.0435151]
[0.0533125, 0.343811, 0.867193] [-0.909082, -0.00350939, -0.414324, 0.0435151]
[0.0533125, 0.343811, 0.867193] [-0.909082, -0.00350939, -0.414324, 0.0435151]
[0.0533125, 0.343811, 0.867193] [-0.909082, -0.00350939, -0.414324, 0.0435151]
[0.0533125, 0.343811, 0.867193] [-0.909082, -0.00350939, -0.414324, 0.0435151]
[0.0533125, 0.343811, 0.867193] [-0.909082, -0.00350939, -0.414324, 0.0435151]
[0.0533125, 0.343811, 0.867193] [-0.909082, -0.00350939, -0.414324, 0.0435151]
[0.0533125, 0.343811, 0.867193] [-0.909082, -0.00350939, -0.414324, 0.0435151]
[0.0533125, 0.343811, 0.867193] [-0.909082, -0.00350939, -0.414324, 0.0435151]
[0.0533125, 0.343811, 0.867193] [-0.909082, -0.00350939, -0.414324, 0.0435151]
[0.0533125, 0.343811, 0.867193] [-0.909082, -0.00350939, -0.414324, 0.0435151]
[0.0533125, 0.343811, 0.867193] [-0.909082, -0.00350939, -0.414324, 0.0435151]
[0.0533125, 0.343811, 0.867193] [-0.909082, -0.00350939, -0.414324, 0.0435151]
[0.0533125, 0.343811, 0.867193] [-0.909082, -0.00350939, -0.414324, 0.0435151]
[0.0533125, 0.343811, 0.867193] [-0.909082, -0.00350939, -0.414324, 0.0435151]
[0.0533125, 0.343811, 0.867193] [-0.909082, -0.00350939, -0.414324, 0.0435151]
[0.0533125, 0.343811, 0.867193] [-0.909082, -0.00350939, -0.414324, 0.0435151]
[0.0533125, 0.343811, 0.867193] [-0.909082, -0.00350939, -0.414324, 0.0435151]
[0.0533125, 0.343811, 0.867193] [-0.909082, -0.00350939, -0.414324, 0.0435151]
[0.0533125, 0.343811, 0.867193] [-0.909082, -0.00350939, -0.414324, 0.0435151]
[0.0533125, 0.343811, 0.867193] [-0.909082, -0.00350939, -0.414324, 0.0435151]
[0.052471, 0.341906, 0.862656] [-0.908224, -0.000786435, -0.416478, 0.0409226]
[0.0524628, 0.34185, 0.86266] [-0.908166, -0.000684579, -0.416604, 0.0409256]
[0.0524651, 0.341405, 0.862481] [-0.907667, 3.19391e-05, -0.417689, 0.0409358]
[0.0525719, 0.340821, 0.862079] [-0.90698, 0.000902437, -0.41917, 0.0410201]
[0.0525595, 0.339548, 0.861118] [-0.905342, 0.00287557, -0.422722, 0.0406646]
[0.0514346, 0.339025, 0.860864] [-0.902171, 0.00447889, -0.429472, 0.0402609]
[0.0504155, 0.339011, 0.861603] [-0.899158, 0.0047705, -0.435763, 0.0400328]
[0.0495777, 0.339143, 0.862438] [-0.896414, 0.00483509, -0.441343, 0.0404389]
[0.0490184, 0.338908, 0.863166] [-0.89381, 0.00525763, -0.446665, 0.0395769]
[0.0484092, 0.338947, 0.864052] [-0.891014, 0.00533113, -0.452193, 0.0398357]
[0.0473001, 0.339199, 0.865616] [-0.886809, 0.00452317, -0.46039, 0.03988]
[0.046501, 0.339285, 0.86719] [-0.883352, 0.00429514, -0.467048, 0.0391948]
[0.0456231, 0.339614, 0.869099] [-0.87957, 0.00364497, -0.474145, 0.039105]
[0.0448692, 0.339723, 0.870747] [-0.876453, 0.00343299, -0.47992, 0.0386619]
[0.0437397, 0.340245, 0.873095] [-0.872267, 0.00257267, -0.487478, 0.0388302]
[0.0429338, 0.340932, 0.875425] [-0.868654, 0.00150909, -0.493917, 0.0385188]
[0.0423002, 0.341713, 0.87813] [-0.865109, 0.000388115, -0.500144, 0.0379606]
[0.0420513, 0.342115, 0.880533] [-0.862284, -8.6958e-05, -0.505059, 0.0371831]
[0.0422401, 0.342995, 0.883241] [-0.859132, -0.00166191, -0.510422, 0.036849]
[0.0426923, 0.344147, 0.885592] [-0.8564, -0.00367178, -0.514948, 0.037333]
[0.0437879, 0.34499, 0.887734] [-0.854262, -0.00522064, -0.518473, 0.0373602]
[0.0450841, 0.345569, 0.889171] [-0.852935, -0.0061692, -0.520644, 0.0373386]
[0.0467343, 0.346542, 0.890586] [-0.851816, -0.00749451, -0.522433, 0.037636]
[0.0485672, 0.347401, 0.891697] [-0.850869, -0.00869248, -0.523921, 0.0381067]
[0.0485672, 0.347401, 0.891697] [-0.850869, -0.00869248, -0.523921, 0.0381067]
[0.0485672, 0.347401, 0.891697] [-0.850869, -0.00869248, -0.523921, 0.0381067]
[0.0485672, 0.347401, 0.891697] [-0.850869, -0.00869248, -0.523921, 0.0381067]
[0.0548972, 0.349504, 0.891992] [-0.849868, -0.011978, -0.525234, 0.0413659]
[0.055708, 0.349696, 0.891761] [-0.849584, -0.0122267, -0.525632, 0.0420491]
[0.0560298, 0.34997, 0.891857] [-0.848482, -0.0125689, -0.52733, 0.0429416]
[0.0558007, 0.350164, 0.892237] [-0.847195, -0.0126387, -0.52936, 0.0433349]
[0.0550645, 0.350288, 0.89294] [-0.845295, -0.012407, -0.532385, 0.0434579]
[0.0541528, 0.350698, 0.89391] [-0.843306, -0.0128298, -0.535488, 0.0438513]
[0.0527861, 0.351286, 0.895462] [-0.840676, -0.0135591, -0.53956, 0.0442044]
[0.0515313, 0.351696, 0.896847] [-0.838486, -0.0140622, -0.542935, 0.0443201]
[0.0498063, 0.351868, 0.898306] [-0.836086, -0.0139552, -0.546657, 0.0439506]
[0.0483257, 0.352279, 0.899608] [-0.833943, -0.014328, -0.549905, 0.0440279]
[0.0467623, 0.35224, 0.900535] [-0.83191, -0.0137549, -0.552966, 0.0443367]
[0.0455346, 0.351773, 0.900804] [-0.830347, -0.0127817, -0.555296, 0.0447979]
[0.0442908, 0.35155, 0.901279] [-0.828313, -0.0123845, -0.558248, 0.0458667]
[0.0429456, 0.351633, 0.902197] [-0.825887, -0.0123612, -0.561711, 0.0473173]
[0.0420176, 0.351574, 0.903117] [-0.824188, -0.0121632, -0.564111, 0.0484321]
[0.0411356, 0.351309, 0.904479] [-0.822567, -0.011991, -0.566389, 0.0494287]
[0.0402678, 0.351174, 0.906362] [-0.820953, -0.012094, -0.568634, 0.0504492]
[0.0391315, 0.351278, 0.909228] [-0.818602, -0.01316, -0.571856, 0.0519401]
[0.038224, 0.351024, 0.911497] [-0.816929, -0.0133888, -0.574168, 0.0527087]
[0.0370796, 0.35071, 0.914453] [-0.813974, -0.0140536, -0.578123, 0.0549778]
[0.0363935, 0.350756, 0.91693] [-0.811064, -0.0156098, -0.581874, 0.0579071]
[0.0359229, 0.350357, 0.919319] [-0.808585, -0.016821, -0.585012, 0.0605763]
[0.0355595, 0.349729, 0.922112] [-0.805947, -0.018328, -0.588238, 0.0639462]
[0.0355619, 0.349129, 0.924712] [-0.803957, -0.0202291, -0.590556, 0.0669927]
[0.0355542, 0.348841, 0.92767] [-0.801363, -0.0235372, -0.593519, 0.0707088]
[0.0352463, 0.347846, 0.933445] [-0.797488, -0.0290634, -0.597666, 0.0772232]
[0.0348445, 0.347137, 0.936284] [-0.795752, -0.031543, -0.59947, 0.0801211]
[0.0342613, 0.346804, 0.940101] [-0.793007, -0.035225, -0.602319, 0.0843226]
[0.0335392, 0.346195, 0.944738] [-0.789811, -0.039816, -0.605438, 0.0897611]
[0.0333829, 0.345416, 0.94799] [-0.788142, -0.0429623, -0.60679, 0.0937711]
[0.033154, 0.344941, 0.950967] [-0.786288, -0.0467668, -0.608362, 0.0972607]
[0.032968, 0.344721, 0.95479] [-0.783473, -0.0521963, -0.610633, 0.102825]
[0.0327446, 0.344166, 0.958026] [-0.781707, -0.0560137, -0.611786, 0.107304]
[0.0325744, 0.343481, 0.960984] [-0.779912, -0.0600544, -0.612863, 0.111937]
[0.0325698, 0.343367, 0.964467] [-0.777406, -0.0656074, -0.614484, 0.117236]
[0.0327295, 0.343132, 0.967496] [-0.775407, -0.0707404, -0.615443, 0.122348]
[0.0327049, 0.342498, 0.970026] [-0.774325, -0.0751977, -0.615559, 0.125907]
[0.03283, 0.342327, 0.973368] [-0.772078, -0.0816168, -0.616526, 0.130879]
[0.032813, 0.342069, 0.976628] [-0.769896, -0.0876254, -0.617447, 0.135432]
[0.0330733, 0.341452, 0.980494] [-0.767755, -0.095523, -0.61767, 0.141108]
[0.0330119, 0.341306, 0.984087] [-0.765046, -0.103016, -0.618568, 0.146509]
[0.0329951, 0.341167, 0.987434] [-0.762706, -0.110059, -0.619091, 0.151301]
[0.0329146, 0.340657, 0.991066] [-0.760193, -0.117871, -0.619426, 0.156601]
[0.0329993, 0.340477, 0.995247] [-0.75681, -0.126896, -0.620213, 0.162706]
[0.0330732, 0.339949, 0.999122] [-0.753966, -0.135663, -0.620205, 0.168749]
[0.0331089, 0.339875, 1.00348] [-0.749991, -0.145043, -0.621105, 0.175225]
[0.0334318, 0.339377, 1.00653] [-0.747493, -0.152128, -0.620965, 0.180318]
[0.0336698, 0.338975, 1.01033] [-0.743968, -0.160514, -0.621333, 0.186256]
[0.033744, 0.338615, 1.01372] [-0.74079, -0.168479, -0.621436, 0.191474]
[0.0337637, 0.338202, 1.01778] [-0.736726, -0.17802, -0.621694, 0.197587]
[0.0339474, 0.337695, 1.0214] [-0.732872, -0.18704, -0.621799, 0.203174]
[0.0345155, 0.3369, 1.02563] [-0.728382, -0.197955, -0.621424, 0.210013]
[0.0349025, 0.336292, 1.0286] [-0.724981, -0.2062, -0.621126, 0.214678]
[0.0353282, 0.335557, 1.03188] [-0.721047, -0.215281, -0.620662, 0.220282]
[0.0356385, 0.334785, 1.03487] [-0.717093, -0.223699, -0.620368, 0.225565]
[0.0361505, 0.333802, 1.03745] [-0.713363, -0.231371, -0.619717, 0.231367]
[0.0367968, 0.332852, 1.04023] [-0.709292, -0.239342, -0.619183, 0.237135]
[0.0377442, 0.331673, 1.04323] [-0.704876, -0.248869, -0.618141, 0.243139]
[0.0388506, 0.330429, 1.04595] [-0.700379, -0.257798, -0.617118, 0.249349]
[0.0401126, 0.329016, 1.04835] [-0.696341, -0.265665, -0.615951, 0.255217]
[0.0415156, 0.327587, 1.05074] [-0.691783, -0.274249, -0.614583, 0.261748]
[0.0424567, 0.326145, 1.053] [-0.688207, -0.281901, -0.613085, 0.266513]
[0.0434223, 0.324594, 1.05508] [-0.684078, -0.289982, -0.611487, 0.272089]
[0.0442676, 0.32274, 1.05731] [-0.679727, -0.297316, -0.609948, 0.278458]
[0.0452698, 0.32056, 1.0596] [-0.674912, -0.30608, -0.607723, 0.285449]
[0.0459892, 0.31869, 1.06145] [-0.67126, -0.313116, -0.605724, 0.290633]
[0.0468634, 0.316706, 1.06326] [-0.666994, -0.320068, -0.603825, 0.296766]
[0.047817, 0.314404, 1.06506] [-0.662916, -0.326905, -0.601514, 0.303078]
[0.0487517, 0.312163, 1.06658] [-0.659184, -0.333906, -0.598904, 0.308701]
[0.0494564, 0.309634, 1.06816] [-0.655662, -0.340815, -0.59593, 0.314357]
[0.0502994, 0.307419, 1.06945] [-0.651485, -0.346013, -0.594048, 0.320858]
[0.0513313, 0.304533, 1.07082] [-0.647267, -0.352282, -0.591232, 0.3277]
[0.0522515, 0.301746, 1.0722] [-0.643516, -0.358559, -0.588199, 0.333682]
[0.0529709, 0.298872, 1.0731] [-0.640194, -0.363878, -0.585117, 0.339679]
[0.0536882, 0.296571, 1.07424] [-0.636453, -0.368578, -0.582952, 0.345318]
[0.0541813, 0.293863, 1.07506] [-0.633205, -0.373156, -0.580274, 0.350839]
[0.0548188, 0.291194, 1.07574] [-0.630132, -0.377354, -0.577627, 0.356208]
[0.0552962, 0.288461, 1.07656] [-0.627267, -0.381979, -0.574771, 0.360924]
[0.0555698, 0.285581, 1.07707] [-0.624588, -0.386042, -0.571842, 0.365866]
[0.0561383, 0.282427, 1.07774] [-0.620598, -0.390153, -0.569183, 0.372385]
[0.0564288, 0.279562, 1.07809] [-0.618023, -0.393461, -0.566483, 0.37727]
[0.0571013, 0.276547, 1.0785] [-0.614772, -0.397086, -0.563817, 0.382738]
[0.0578296, 0.273265, 1.07857] [-0.611914, -0.40081, -0.560495, 0.388276]
[0.0584339, 0.270091, 1.07855] [-0.609307, -0.404186, -0.557511, 0.393141]
[0.0590135, 0.267214, 1.0785] [-0.606082, -0.407478, -0.555048, 0.398181]
[0.059444, 0.263686, 1.07821] [-0.603552, -0.410715, -0.551582, 0.403479]
[0.060043, 0.260673, 1.07781] [-0.600813, -0.413562, -0.548846, 0.408361]
[0.060386, 0.257581, 1.07716] [-0.597931, -0.416198, -0.546192, 0.41344]
[0.0605841, 0.254811, 1.07641] [-0.59665, -0.418874, -0.543094, 0.416656]
[0.0608074, 0.252374, 1.07579] [-0.594543, -0.421109, -0.540938, 0.420205]
[0.0610611, 0.250133, 1.07487] [-0.592228, -0.422652, -0.539177, 0.424169]
[0.0613731, 0.247519, 1.07365] [-0.590708, -0.424426, -0.536583, 0.427791]
[0.0614198, 0.245366, 1.0728] [-0.588876, -0.42614, -0.534788, 0.430851]
[0.0612515, 0.243373, 1.07155] [-0.58722, -0.427583, -0.533252, 0.433576]
[0.0609875, 0.241401, 1.07005] [-0.586432, -0.428855, -0.531308, 0.435768]
[0.0608063, 0.239686, 1.06854] [-0.585561, -0.429937, -0.529626, 0.437914]
[0.0606174, 0.23822, 1.06721] [-0.584059, -0.430696, -0.528707, 0.440278]
[0.0604981, 0.236501, 1.0651] [-0.583205, -0.432033, -0.527008, 0.442134]
[0.0604981, 0.236501, 1.0651] [-0.583205, -0.432033, -0.527008, 0.442134]
[0.0604981, 0.236501, 1.0651] [-0.583205, -0.432033, -0.527008, 0.442134]
[0.0604981, 0.236501, 1.0651] [-0.583205, -0.432033, -0.527008, 0.442134]
[0.0604464, 0.233502, 1.05917] [-0.581577, -0.432755, -0.523958, 0.447167]
[0.0604464, 0.233502, 1.05917] [-0.581577, -0.432755, -0.523958, 0.447167]
