0.0 0.0 0.0 0.9999999999999999 0.0 0.0 5.551115123125783e-17 
0.0 0.0 0.0 0.9999999999999999 0.0 0.0 5.551115123125783e-17 
0.0 0.0 0.0 0.9999999999999999 0.0 0.0 5.551115123125783e-17 
-0.0005886999999999999 6.699999999998374e-05 0.0 0.9999997128752152 3.0365743553764646e-05 0.00013407363187667443 0.0007452192096336074 
-2.339999999999981e-06 0.0 0.0 0.9999999999967384 7.187519021900624e-07 2.1900057020907138e-06 1.1004598503006058e-06 
-1.8100000000000928e-06 2.000000000002e-06 0.0 0.9999999999595047 1.5203799911822635e-06 -7.73459004246857e-06 4.342238830890022e-06 
1.550000000000119e-06 1.2000000000012001e-05 1.0000000000065512e-05 0.9999999991410108 1.9609554750221747e-05 -3.50758440176846e-05 -1.0155239085041234e-05 
3.183999999999999e-05 6.80000000000125e-05 7.999999999985796e-05 0.9999999446964858 0.00020679844805922276 -0.00017761873889148017 -0.00019050724638258743 
-0.00017028000000000008 0.00016999999999994797 0.00020000000000020002 0.9999995319908412 0.0007061443635960896 -0.00041401321216587295 -0.0005157240508288918 
-0.0011160809999999999 0.000162000000000051 0.00021999999999988695 0.9999983377324055 0.0013937073991249216 -0.00036571022875807324 -0.0011173039605421597 
-0.002186189 0.00011200000000000099 7.00000000000145e-05 0.9999956993870142 0.0026270880171110345 -7.311132143333898e-05 -0.0013016415642873591 
-0.0023958399999999998 0.00013199999999996548 0.00018999999999991246 0.999990608623791 0.003788079589961149 3.090957754987855e-05 -0.0021052700155678727 
-0.0021426200000000005 9.20000000000365e-05 0.00041000000000002146 0.9999861450141507 0.00419502686803952 -0.0002485872846130499 -0.003170131492012007 
-0.0023436099999999994 4.599999999999049e-05 0.0009099999999999664 0.9999716184477805 0.005767881014447432 -0.0007664962811222975 -0.004786055889854424 
-0.0016733100000000008 -1.1000000000038757e-05 0.0009600000000000719 0.9999762559796643 0.004705034079832887 -0.0011037625431120635 -0.0049124168643501775 
-0.0015906999999999987 -4.099999999995774e-05 0.0009300000000000974 0.9999728032209658 0.00520540565325836 -0.000889443591045258 -0.005148345412554156 
-0.002223000000000001 5.699999999997374e-05 0.0012399999999999078 0.9999522457456901 0.007109555920818869 -0.0010707759013217633 -0.006619205520962124 
-0.0032464 7.40000000000185e-05 0.0015600000000000058 0.9999230920504835 0.008831271830196177 -0.0015669192786241515 -0.008565242905848813 
-0.0026277999999999996 8.000000000008e-06 0.0011099999999999444 0.9999515773625542 0.0070504843882309085 -0.0007327327961695607 -0.006826177750423934 
-0.002981600000000001 -7.100000000004325e-05 0.0011799999999999589 0.9999448844188947 0.007714791631997897 -0.0008420260540549784 -0.007071146065702971 
-0.0030997999999999998 -1.2999999999985246e-05 0.0010500000000002174 0.9999397000916601 0.007963011871935821 -0.0006288352030867916 -0.007535992888508702 
-0.0032900000000000013 -1.2999999999985246e-05 0.0012499999999999734 0.9999241935552365 0.008723794181526398 -0.0007851032858902929 -0.008653679611519194 
-0.005417199999999997 0.00016800000000000148 0.002729999999999899 0.9997546843302747 0.016143976653751044 -0.0015656303614125233 -0.015082837234659141 
-0.003889400000000001 -3.0000000000030003e-05 0.0017000000000000348 0.9998768021145401 0.011146080359348207 -0.0003529468588342466 -0.011046307724250803 
-0.003821199999999997 8.20000000000265e-05 0.0016700000000000603 0.9998842486055324 0.011244377055150176 -0.0002053040620829394 -0.01024749849641593 
-0.002749600000000005 2.2999999999995246e-05 0.0012499999999999734 0.9999358783123031 0.008158274150828305 -0.00023970340549370195 -0.007850119041140802 
-0.003042099999999999 3.799999999998249e-05 0.0013600000000000279 0.9998980651367068 0.009842592651311991 -6.981287406673808e-05 -0.010343008843332613 
-0.003714200000000001 4.100000000001325e-05 0.0011200000000000099 0.9998870463405642 0.010764613721040355 0.0007239599170731359 -0.010463915797508716 
-0.0033091999999999983 0.00011800000000000699 0.0010799999999999699 0.9998982700902038 0.009926494150185036 0.0007542212713710361 -0.010214956425654065 
-0.0035149999999999973 0.00013699999999999823 0.0010399999999999299 0.999861446752833 0.011121731982185242 0.0012259096889156162 -0.012324427795357917 
-0.003025100000000003 0.00017899999999998473 0.0009000000000001229 0.9998901185059145 0.010263314570720397 0.00142365345037071 -0.010601344212120056 
-0.0033301000000000025 0.00014900000000001024 0.0007799999999997809 0.9998649630066501 0.011243858168409802 0.0018662969676154773 -0.011838426450681006 
-0.0027640999999999916 0.0002489999999999992 0.00048000000000003595 0.9998723390712642 0.010434676908012778 0.0020173803792059575 -0.01193118830585721 
-0.0028062000000000087 0.0004109999999999947 0.000520000000000076 0.9998536093939013 0.011233685473176658 0.0025307756707427242 -0.012655404662894443 
-0.0029182999999999987 0.0005169999999999897 0.00042999999999993044 0.999824613943602 0.012383705894080905 0.0033481704549502833 -0.013644593634872026 
-0.0026411999999999963 0.0005530000000000257 0.00034000000000000696 0.9998218571126442 0.011764614019500831 0.003367168616367794 -0.01437045831923428 
-0.002396300000000004 0.0005200000000000204 -2.999999999997449e-05 0.9998226523687339 0.011595152721210623 0.003719043873240069 -0.014366104426423054 
-0.001956200000000005 0.0006049999999999667 -0.00021000000000004349 0.9998457863416456 0.010732034834509244 0.0040458040481441415 -0.013298813209145832 
-0.001930199999999993 0.0008380000000000054 -0.0003799999999998249 0.9997617557752317 0.012567013255071233 0.0049298160286422865 -0.01715222379158926 
-0.0016049000000000063 0.0009190000000000031 -0.0004900000000001015 0.9997540625923079 0.012565570005699293 0.005098327865344726 -0.01754787262277524 
-0.0014626999999999973 0.0008250000000000202 -0.0008099999999999774 0.9997585818639567 0.012192870302879986 0.005748236671704071 -0.017351359552304046 
-0.001370200000000002 0.0007539999999999769 -0.0007600000000000939 0.9997756795868804 0.011110746813463274 0.005635087582839454 -0.017128560936997772 
-0.0014409999999999978 0.0006360000000000254 -0.0007699999999999374 0.9997989893379647 0.010172316665840682 0.005663130179632048 -0.01632280150595522 
-0.0016313999999999912 0.0005929999999999547 -0.0006099999999999994 0.9997757213540365 0.01108783170030831 0.006549744761718601 -0.016812727998695487 
-0.0010112000000000038 0.0006840000000000179 -0.0009200000000000319 0.9997828110040936 0.009808048877654088 0.00638219664249709 -0.017245305563632907 
-0.0001421999999999951 0.0010339999999999794 -0.0012300000000000644 0.9997813605049276 0.009680792100506957 0.006464516394109082 -0.01737018937758672 
0.0005960999999999883 0.0013160000000000394 -0.0017099999999998783 0.9997701245271167 0.009108766255073883 0.006412438484466432 -0.01831963736068959 
0.0011070000000000108 0.0014859999999999873 -0.0021400000000000308 0.9997404340412974 0.00875966314103295 0.006398241838230262 -0.020034853280053555 
0.0014950999999999992 0.0017730000000000246 -0.002529999999999921 0.9997264134106936 0.009189898802075942 0.0068838311670544605 -0.020377854584383764 
0.0013698999999999933 0.002094999999999958 -0.0027800000000000047 0.9996243783123527 0.009729727381504821 0.008320754696987731 -0.02423220439822002 
0.0011101000000000028 0.001908999999999994 -0.0024699999999999722 0.9997070876475347 0.008488185917719264 0.008170590624982876 -0.021140743978157822 
0.0006989000000000023 0.0015880000000000338 -0.0023400000000000087 0.999764517722997 0.00651228239668377 0.007499376709246594 -0.01929400500317255 
0.0007510000000000017 0.0018489999999999895 -0.003010000000000179 0.9997321461922647 0.0064022512065469925 0.00884768260703421 -0.0204050376569562 
0.000630599999999995 0.001996999999999971 -0.0028599999999998627 0.9997563151954745 0.005680303194698581 0.00856339848189569 -0.019537466284659022 
0.0008221000000000062 0.0023220000000000462 -0.003430000000000044 0.9996976257651862 0.005349250789055002 0.009549020484544646 -0.022019508696407286 
0.000716399999999992 0.0024049999999999905 -0.0030200000000000227 0.9997365497176884 0.004830126736902418 0.009384389452303757 -0.020382204711093962 
0.0007791000000000048 0.0023829999999999685 -0.0026599999999998847 0.9997526999957956 0.004452173627602883 0.009076073989334688 -0.0198076218170299 
0.0009096999999999994 0.0023780000000000467 -0.0024600000000001288 0.9997949785737611 0.0036854242883015767 0.008471465837075538 -0.018018122351652205 
0.0008722999999999925 0.0026219999999999577 -0.002890000000000059 0.9997790797407178 0.00294959950242929 0.008551062331419869 -0.018972899319371156 
0.0006368000000000068 0.0024980000000000002 -0.0027199999999998337 0.999806421693641 0.002650286189437613 0.008242314669701906 -0.01766803249253235 
0.0003227999999999981 0.0027690000000000214 -0.003430000000000044 0.9997980823499446 0.0014602747742462896 0.008735626118113321 -0.01803748772090316 
0.0002873000000000042 0.002900999999999987 -0.003130000000000077 0.9998224477910321 0.0008960429781372757 0.007813259247054609 -0.01712375484724142 
0.00027869999999999284 0.003228999999999982 -0.002850000000000019 0.9998249479638417 0.0006496261368898991 0.007932726341837715 -0.01693290488278442 
8.060000000000012e-05 0.0035720000000000196 -0.002349999999999852 0.9997925055353193 0.0008054641716314717 0.009304908425599563 -0.01810292192071753 
0.00030630000000000934 0.0028790000000000204 -0.0020000000000000018 0.9998991300475718 -0.000452250985093397 0.0061302405819318295 -0.012804114555998392 
0.0003403999999999907 0.003434999999999966 -0.0014400000000001079 0.9998551282907227 0.0002801636459856087 0.00788230744794992 -0.015083539649879497 
0.0005119000000000096 0.003464999999999996 -0.0011299999999998533 0.99987569668064 -4.565330578566382e-05 0.0071230927064679685 -0.01406593948073077 
0.0006168999999999897 0.0033410000000000384 -0.0014300000000000423 0.999913245232865 -0.0008659268906862144 0.005780528637068036 -0.011804137714239927 
0.0004809000000000063 0.0040699999999999625 -0.0016700000000000603 0.9998718770417108 -0.0010264963378685279 0.0070891437707219975 -0.014315021723798747 
0.0002420999999999951 0.004403000000000046 -0.0012300000000000644 0.9998574512698641 -0.0013533300501252141 0.007652267519220361 -0.014989611059695013 
0.0003444000000000086 0.004049999999999998 -0.0016799999999999038 0.9999135549798186 -0.0024536881435861203 0.005558986968058489 -0.011660173498050923 
0.0003848999999999936 0.003801999999999972 -0.0013600000000000279 0.9999320411571768 -0.0025456578052987424 0.004888812410965595 -0.010272886974497866 
0.0004431000000000018 0.004199000000000008 -0.0014799999999999258 0.9999088555568024 -0.002587812785203458 0.00546639715037673 -0.01207072103350652 
0.0005915999999999977 0.004384999999999972 -0.0010100000000001774 0.9999224481262123 -0.002537781118295921 0.005437020021060498 -0.010913121165309451 
0.0007199999999999984 0.004053000000000029 -0.0009500000000000064 0.9999335949800979 -0.0023115402693134855 0.004759876752592157 -0.01023747942909867 
0.0009033999999999986 0.004705000000000015 -0.0014399999999998858 0.9999336258955913 -0.003793759195955513 0.004238226927278434 -0.010019412506302117 
0.00038509999999999933 0.0062189999999999745 -0.0016400000000000858 0.9998763472003823 -0.0056599124773117244 0.00569596598848102 -0.013520786642332056 
-0.000667899999999999 0.008408000000000027 -0.0019799999999998708 0.9997887057922058 -0.00939696105265916 0.007306311508126918 -0.016758839621738075 
-0.0022242999999999985 0.00965499999999997 -0.002080000000000082 0.9997193305045774 -0.012205122871859993 0.00856916903308579 -0.018408273499834434 
-0.0016817999999999972 0.005935999999999997 -0.0012199999999999989 0.999898901908882 -0.007716399864066026 0.004884107086818112 -0.010899019796049354 
-0.003238699999999997 0.008702000000000043 -0.0025200000000000777 0.9997689196862531 -0.014137902609733681 0.005760723789443709 -0.015134100587806447 
-0.0023998000000000075 0.005190999999999946 -0.0020599999999999508 0.9999090038057319 -0.010086406638553452 0.001843635713418378 -0.008766385612484752 
-0.002944000000000002 0.004639000000000004 -0.0024800000000000377 0.9999066958136147 -0.01111212129126192 0.0007982828315826768 -0.007904629784399979 
-0.004131199999999988 0.005168000000000006 -0.0031799999999999606 0.9998652834592557 -0.013874060843942666 -6.8064103830832445e-06 -0.008770708199087394 
-0.003778600000000007 0.0043420000000000125 -0.0027399999999999647 0.9998925358017889 -0.012358683824633315 0.00014606913283188826 -0.007884062772430707 
-0.004277900000000001 0.004306000000000032 -0.0035600000000000076 0.999868961973134 -0.01438561901080302 -0.0017005858352421152 -0.007226399951627417 
-0.004261799999999996 0.004016999999999993 -0.0030799999999999716 0.9998777070346757 -0.013651658213278992 -0.0010892288541379056 -0.007550945875232765 
-0.004472000000000004 0.003563999999999956 -0.0033199999999999896 0.9998747286589997 -0.014432727057688832 -0.002267433536004897 -0.0060895093340825115 
-0.004305000000000003 0.003397000000000039 -0.0031600000000000517 0.9998769234115135 -0.01392724254660474 -0.002446587132008324 -0.00679589255212857 
-0.00419499999999999 0.0030899999999999817 -0.003290000000000015 0.9998751919538644 -0.014619761467011858 -0.0034169597761848926 -0.0049180764287366265 
-0.004533000000000009 0.002715000000000023 -0.003090000000000037 0.9998733026046117 -0.014450372446997532 -0.002981111523831353 -0.005973143960445546 
-0.004164000000000001 0.0025040000000000062 -0.003309999999999924 0.9998822163661234 -0.014151620171687812 -0.004243528069194152 -0.004156622524467031 
-0.003689999999999985 0.0020879999999999788 -0.002929999999999877 0.9998889921949948 -0.013472415039099054 -0.004183263999157235 -0.004795583656406841 
-0.0036680000000000046 0.0020819999999999728 -0.0025400000000002088 0.9998964287465837 -0.013409494392096027 -0.004266261389371775 -0.003019313454142157 
-0.003939999999999999 0.0021010000000000195 -0.0031399999999999206 0.9998560913732871 -0.01530778180660765 -0.005885803728079265 -0.004338856343467713 
-0.0029659999999999964 0.0016229999999999856 -0.002769999999999939 0.9998857509815752 -0.013603598926557828 -0.006188690287708669 -0.002264330536790353 
-0.0024380000000000235 0.0016470000000000096 -0.0020500000000001073 0.9999048629761306 -0.012233841130902047 -0.0055929984689097306 -0.0030522935633280944 
-0.001786999999999983 0.0013779999999999903 -0.0022499999999998632 0.9999133758630695 -0.011354499549990509 -0.006509978882680071 -0.0013915045945107948 
-0.0019669999999999965 0.0021100000000000008 -0.0030200000000000227 0.9997899098041193 -0.017115310122261605 -0.010944713084570677 -0.002723172559188228 
-0.00038599999999999746 0.0014089999999999936 -0.0015899999999999803 0.9999261409570633 -0.00939487197396746 -0.007709998668466397 7.022706034041926e-05 
0.00031099999999997796 0.0012580000000000369 -0.0011499999999999844 0.9999495141948096 -0.0073507017808446505 -0.006741479328961099 -0.0012201234980595312 
0.00018700000000002048 0.00046399999999996444 -0.0003300000000001635 0.9999913445197688 -0.002969165286596385 -0.002914156560153428 -5.132824890391463e-05 
0.0005880000000000052 0.0007050000000000112 -0.0005499999999998284 0.9999886501645334 -0.0031429123059841906 -0.0035753262764032677 -0.00019668850613982145 
0.0012659999999999894 0.0012900000000000134 -0.0005300000000001415 0.9999700998712748 -0.004562697741236278 -0.006196715883499956 0.0007628007693976473 
0.0022739999999999982 0.001566999999999985 -0.0005500000000000504 0.9999812452074749 -0.002719802248755329 -0.005435216695726714 -0.0007552009707016485 
0.003692000000000001 0.002057000000000031 -0.00043999999999999595 0.9999779336447847 -0.001383379225931472 -0.006497523011800021 -2.607939757654637e-05 
0.005216999999999999 0.0025020000000000042 -0.00029999999999996696 0.9999766051182832 0.00039715567055457687 -0.00680792383848786 0.0005325941189569527 
0.005524000000000001 0.0024069999999999925 -0.0007299999999998974 0.9999768067749755 0.0016201840125559218 -0.006586252954364043 -0.0006182134827961219 
0.006518999999999997 0.002807999999999977 -0.000320000000000098 0.9999738323277467 0.003148966584039948 -0.00638681142870867 -0.0012756602158655525 
0.006721000000000005 0.0028080000000000327 -0.00039999999999995595 0.9999682060526675 0.0038889314358745986 -0.006958082263317341 0.00021951609065282846 
0.007683999999999996 0.003084999999999949 -0.00041000000000002146 0.999957323431191 0.005047895442517422 -0.007571857856832575 -0.0015928077492185916 
0.0090422 0.003506000000000009 -0.00041000000000002146 0.9999399039458078 0.006476723059753893 -0.008840750659283398 -0.00028580244311026196 
0.0126135 0.004579999999999973 -0.0010499999999999954 0.9998855209159337 0.009041692175331385 -0.01199266734899167 -0.001835427779835086 
0.010040099999999996 0.0035209999999999964 -0.0007500000000000284 0.9999275387924893 0.007080504972983957 -0.009549537419820557 -0.00189471601832953 
0.008980000000000002 0.0028360000000000607 -0.0013199999999999878 0.9999365871041912 0.00572341753579356 -0.009570747001746635 -0.0015700522163759056 
0.008589300000000001 0.0027920000000000167 -0.0010900000000000354 0.999936905185168 0.005611869836293127 -0.009565017614032877 -0.001789693742604034 
0.007784600000000003 0.0023199999999999887 -0.0014799999999999258 0.9999423875514333 0.004595998462301421 -0.009543694814820654 -0.001736739864134253 
0.007864999999999997 0.0023739999999999872 -0.0017599999999999838 0.999931324867772 0.004886119032256909 -0.01062046941203041 -0.0008228113105204458 
0.0132467 0.004005999999999954 -0.003630000000000022 0.9998003880819079 0.007476671140846564 -0.01812907347273784 -0.0038236206582327754 
0.0013565999999999995 0.00047600000000003195 -0.00036999999999998145 0.9999980832476263 0.0008128191301918913 -0.0017684139821712954 -0.00021339663283891113 
0.00349 0.0011149999999999771 -0.0014099999999999113 0.9999845535334179 0.0018069411186689898 -0.005199206378019444 -0.0007719529800836408 
0.003607300000000001 0.0013350000000000861 -0.0013499999999999623 0.9999873432204389 0.0022698331139939503 -0.004276142922653861 -0.0013696197530767965 
0.0039418000000000005 0.0015139999999999043 -0.0018299999999999983 0.999989834673992 0.0024127539977422106 -0.0033629047167839893 -0.0017888651974293452 
0.00454622 0.001570999999999989 -0.0024700000000001943 0.9999844612929834 0.0027184517681950464 -0.004488974728774169 -0.0018805048392205748 
0.0031230900000000002 0.0012040000000000939 -0.0018699999999998163 0.999995796015894 0.0018038169774387252 -0.001950748192455284 -0.001161368305245115 
0.0039946 0.0013639999999999208 -0.0024300000000001543 0.9999939743865757 0.0022012034662262144 -0.0018699113484170965 -0.0019259609003992994 
0.00400336 0.0011610000000000786 -0.002729999999999899 0.9999928726203323 0.0019905868903002224 -0.002213085430149327 -0.002322611729775298 
0.00430237 0.00115899999999991 -0.003030000000000088 0.9999916990790696 0.0021055694824409325 -0.0022204072253358834 -0.002690379501833099 
0.003896459999999999 0.0010250000000000536 -0.003390000000000004 0.9999919347099286 0.0015706947382538375 -0.002212135861445474 -0.002961399679841787 
0.003741600000000001 0.0008869999999999711 -0.0042800000000000615 0.9999887119617067 0.000888105734332215 -0.002732564912523583 -0.003784218065959199 
0.002623500000000001 0.0006099999999999994 -0.0040399999999998215 0.9999914686562329 5.053199836049446e-05 -0.002381660373117135 -0.0033745748079865995 
0.002425899999999998 0.000500000000000056 -0.0043200000000001015 0.9999924281645257 -0.00028404306869052494 -0.002834454335430091 -0.0026511887468617067 
0.0021212 0.0003309999999999702 -0.00374999999999992 0.9999943501121248 -0.0003044919340147098 -0.002908271172422966 -0.001658007020270573 
0.002041600000000001 0.00022400000000000198 -0.0033000000000000806 0.9999958751919062 -0.00015188649188398358 -0.002754848355875978 -0.0007983358961793086 
0.002180399999999999 4.300000000001525e-05 -0.003630000000000022 0.9999944755414953 -0.0003939904998323425 -0.0032138814439338992 -0.0007514146925283668 
0.0022771000000000007 -4.300000000001525e-05 -0.004529999999999923 0.9999922070866677 -0.0008800746034877786 -0.003508062763045134 -0.0015826339684174087 
0.0020587 -0.00019000000000002348 -0.005470000000000086 0.9999916356347827 -0.001740725061840559 -0.0033382090738120753 -0.0015984044891636448 
0.0014528999999999966 -0.00026199999999998447 -0.005129999999999857 0.9999938560666978 -0.0020429548524084733 -0.0026918471451627046 -0.0009317313318835257 
0.0011736999999999997 -0.0004189999999999472 -0.005689999999999973 0.9999917327461164 -0.0027278436619342164 -0.002293621415713968 -0.001957705079268103 
0.0008349000000000065 -0.0004690000000000527 -0.00499000000000005 0.9999945030437544 -0.0025843303353875156 -0.0015829170854084332 -0.001345173778223907 
0.0008657999999999999 -0.0005789999999999962 -0.005470000000000086 0.9999939830460526 -0.0027728274619376533 -0.001964581755139054 -0.0006969347780277843 
0.0008535000000000001 -0.0006789999999999852 -0.004850000000000021 0.9999936770631807 -0.0024327098756424023 -0.0015309574239875676 -0.002093782626287892 
0.0008056999999999995 -0.0007190000000000252 -0.003989999999999938 0.9999972578677793 -0.001857287550036335 -0.0014164774373518123 -0.00016831977887554056 
0.000502499999999996 -0.0008960000000000079 -0.0036199999999999566 0.999997647982485 -0.0018262983102630258 -0.001169802582788837 -1.5029879062600227e-05 
0.000338999999999999 -0.0007599999999999829 -0.0026300000000001322 0.9999989835085504 -0.0012753754069425478 -0.0005560455883844467 -0.0003117895781739946 
0.0003058000000000019 -0.0009510000000000352 -0.002769999999999939 0.9999980339025714 -0.0013128064774865777 -0.00099146337335007 0.0011071271488534429 
4.799999999999249e-06 -0.001222999999999974 -0.002569999999999961 0.9999987014635495 -0.0015366997779255112 -0.0004847823458246725 -2.4720119487679076e-05 
1.1099999999999999e-05 -0.0011510000000000131 -0.0020000000000000018 0.9999984152604313 -0.001166757473132404 0.0001193348187836442 0.0013393703095078632 
-8.149999999999824e-05 -0.0010799999999999699 -0.0022200000000001108 0.9999987987976897 -0.0010644559692415036 0.0011021267880182294 -0.00023378026103933885 
1.0799999999998311e-05 -0.0015180000000000193 -0.002429999999999932 0.999998209568761 -0.0014150114209380022 0.0005050098319092889 0.0011504638285462152 
0.0001782999999999993 -0.0016690000000000316 -0.0023299999999999432 0.9999989457896472 -0.001327108927492585 0.0004031477197641111 -0.00042973643670627185 
0.00021039999999999948 -0.0016249999999999876 -0.0023900000000001143 0.9999988448395903 -0.0012125376989008466 0.0005964702885755916 0.0006959130755535906 
0.00011250000000000149 -0.0019730000000000025 -0.0021700000000000053 0.9999987652051934 -0.0015011691091351663 0.00035108392835627 -0.0003046628785378924 
0.0001046000000000033 -0.002162999999999915 -0.0015600000000000058 0.9999977605387522 -0.0012019772170616377 0.0013123385607103372 0.0011453976393928644 
3.2799999999999496e-05 -0.0021140000000000603 -0.0013599999999998058 0.9999973332184983 -0.0007722149384331994 0.0021583137636857746 -0.0002809300236485471 
0.00016279999999999767 -0.0021940000000000293 -0.0011600000000000499 0.999998885559861 -0.0007012994707286148 0.0009969588971402792 0.0008620504891023555 
0.0004079000000000027 -0.0023699999999999832 -0.0013100000000001444 0.9999991339737666 -0.0007323953665993553 0.0009245964486137787 -0.0005837552148626364 
0.0004373999999999975 -0.0030559999999999476 -0.0012499999999999734 0.999999105773775 -0.000620160611840892 0.0010470374105289372 0.0005545855450851886 
0.00016069999999999973 -0.0025690000000000435 -0.0011299999999998533 0.9999985024794904 -0.0004028767232983621 0.0014308163149185937 -0.0008862808783221716 
1.990000000000325e-05 -0.0025069999999999815 -0.000600000000000156 0.9999986150156449 -7.185165135788728e-05 0.0016302611338904973 0.0003271891932280953 
0.00011009999999999492 -0.0029910000000000214 -0.0009699999999999154 0.9999984786302224 -0.0003854056664864391 0.0014280055720451898 -0.0009246619920660962 
0.00016479999999999967 -0.0027049999999999574 -0.0007099999999999884 0.9999995014646548 1.9808293510586994e-05 0.0008665378404604201 0.0004957723717743667 
0.000627599999999999 -0.003430000000000044 -0.0012000000000000899 0.9999984018953902 -9.657110504619933e-05 0.0006611781723880555 -0.0016582292096438238 
0.000673 -0.0031019999999999937 -0.0008099999999999774 0.9999996915310998 0.00022524896949541878 0.00047328281746674534 -0.0005849820354703814 
0.0006098000000000006 -0.003707999999999989 -0.0007800000000000029 0.9999960739027491 0.0006566322824138274 0.0017639916581810603 -0.0020758965685456106 
0.0007883000000000057 -0.003466999999999998 -0.0005999999999999339 0.9999991958916405 0.0006840084485696465 0.0007799437330093032 -0.0007294081766502057 
0.0009061 -0.0033150000000000124 -0.0007999999999999119 0.9999984906513443 0.0007487026343928234 0.00021816963221843563 -0.001552591836328207 
0.0008901999999999938 -0.003440999999999972 -0.0006099999999999994 0.9999966886215647 0.0009452437270553293 0.000747222082492707 -0.002273965558550795 
0.0014476000000000003 -0.003852000000000022 -0.0008300000000001084 0.9999980852127779 0.0013158606634520523 -0.00023555515751875382 -0.0014291939197699222 
0.0014092000000000063 -0.0036459999999999826 -0.0008399999999999519 0.9999963822293232 0.0012052076807896085 -0.0005855293144686625 -0.002332414657284218 
0.0015206999999999998 -0.0043680000000000385 -0.0006500000000000394 0.9999952048206536 0.0019343566858494206 -0.00014361163238249628 -0.002414120048806187 
0.001251099999999998 -0.003695999999999977 -0.0007299999999998974 0.9999979366591231 0.0014214374259406554 -0.00031473582663030936 -0.0014167337436584576 
0.0012039000000000008 -0.0036459999999999826 -0.0004300000000001525 0.9999956131379931 0.0016612596886095947 -0.00047401965330676156 -0.0024060811259356135 
0.0016298999999999966 -0.004261999999999988 -0.0007500000000000284 0.9999948302497345 0.0016470884003001555 -0.0007851075436815561 -0.0026476744043143693 
0.001783800000000002 -0.003744000000000025 -0.0006699999999999484 0.9999948152424003 0.0018905307860703525 -0.0013030207894860748 -0.0022577684751332247 
0.0017080999999999971 -0.003740000000000021 -0.0005399999999999849 0.999995492671246 0.0018555848838457296 -0.0012833204479191277 -0.0019810427958267054 
0.0022994 -0.004119999999999957 -0.0005999999999999339 0.9999910187219122 0.002438966289094246 -0.0015865385178699047 -0.0030816901993010876 
0.002240100000000002 -0.0037940000000000196 -0.000360000000000138 0.9999917874493277 0.00256173640755028 -0.0016254792007190455 -0.0026870723557659293 
0.0019612000000000032 -0.0035470000000000224 -0.0003799999999998249 0.9999936227206195 0.0024093229267319466 -0.001452508274741208 -0.0021999774630462182 
0.0019127999999999923 -0.003255999999999981 -0.000320000000000098 0.9999942854456978 0.0024400044908570624 -0.001311328519520664 -0.0019380071069794447 
0.0018057000000000073 -0.0032019999999999826 -0.00031000000000003247 0.9999945089895864 0.0023088197704790037 -0.0013266015677281693 -0.0019726809737109774 
0.0019047999999999982 -0.002847000000000044 -0.0003500000000000725 0.9999932314735773 0.0027225084472488753 -0.0017505115901614758 -0.0017494753385526446 
0.0020949999999999996 -0.0029169999999999474 -0.0005699999999999594 0.9999910490275883 0.0026912460940352323 -0.0023968535418518538 -0.0022167887279255782 
0.0022946999999999967 -0.0024340000000000472 -0.0007599999999998719 0.9999908914148757 0.0023211275817678 -0.003018634389097038 -0.0019280302012857076 
0.0027691999999999994 -0.0027369999999999894 -0.0011200000000000099 0.9999860892331466 0.0021467887202886934 -0.004329260343781922 -0.0021142713316610745 
0.0028914000000000023 -0.0024480000000000057 -0.0009200000000000319 0.9999857323935525 0.002191156704141703 -0.004505285117015482 -0.0018537118554225462 
0.002913899999999997 -0.0021889999999999965 -0.0012700000000001044 0.999986243690209 0.0017547539761338243 -0.0046889889434119526 -0.0015641775850721712 
0.004510300000000009 -0.003390000000000004 -0.0022099999999998232 0.9999563318199659 0.001850084431967658 -0.008990880965367721 -0.0017537674360145195 
0.0021245000000000014 -0.0018489999999999895 -0.0012850000000000916 0.9999836400295586 0.00012991548980667567 -0.0057012187446584105 -0.00044598209058732685 
0.002152299999999996 -0.0017590000000000106 -0.001367000000000007 0.9999777983621916 5.9008063482406115e-05 -0.006662776095623904 8.194786131915377e-05 
0.002546800000000002 -0.002599999999999991 -0.0022100000000000453 0.9999450244007577 -0.000733876612925996 -0.01043574745398123 0.0007104761513976737 
0.0017589999999999967 -0.0023400000000000087 -0.002486999999999906 0.9999507706715197 -0.00224681831085536 -0.00961949629384214 0.0009345223190471014 
0.0002622999999999931 -0.0015119999999999578 -0.0016540000000000443 0.9999886249327526 -0.0017055102314509317 -0.0044386708072615905 0.0003734185557150299 
-0.0001270999999999911 -0.0014430000000000276 -0.0018679999999999808 0.9999875529023167 -0.0020201466597959752 -0.004497800340274359 0.0007634395904557029 
-0.0002814000000000011 -0.001705000000000012 -0.00212699999999999 0.9999777696533151 -0.0027949419409840463 -0.005809114858698001 0.0017037262945207854 
-0.0005644999999999956 -0.0014899999999999913 -0.0017770000000000286 0.9999869599923751 -0.0024862856375577613 -0.004333182069818739 0.0010591327050163135 
-0.0012768000000000085 -0.0012639999999999874 -0.001650999999999958 0.9999924557350356 -0.002035688989987218 -0.002837577667930158 0.0017007634542676314 
-0.0010666000000000009 -0.0012099999999999889 -0.0016940000000000843 0.9999933319977775 -0.001751397755544705 -0.0028079176783154655 0.0015440738961396416 
-0.0009431000000000023 -0.0013190000000000146 -0.002058999999999922 0.9999935077184982 -0.0018282302430722604 -0.0026467542869304528 0.0016238185789378273 
-0.000879899999999989 -0.0010160000000000169 -0.001891000000000087 0.9999969261217407 -0.0013100481350214674 -0.001617234812141803 0.0013476173479013143 
-0.0009330000000000033 -0.0012979999999999658 -0.002538999999999958 0.9999960719216979 -0.0015606585968078457 -0.002017015581936671 0.001162812994791873 
-0.001107800000000006 -0.001583000000000001 -0.0030209999999999404 0.9999956342915749 -0.0016422095174496304 -0.002093252373832423 0.0012856283254841783 
-0.0009043999999999996 -0.0009730000000000016 -0.0024129999999999985 0.9999989094038555 -0.0007728698820583524 -0.0008833327384713857 0.0008964298736800144 
-0.0009638000000000008 -0.0009430000000000271 -0.0024180000000000312 0.999999429000924 -0.0007473656597486063 -0.00036565876181739567 0.000670623639997113 
-0.0008477999999999958 -0.0008770000000000167 -0.0024460000000000592 0.9999995652356104 -0.0004207130364025924 -0.00029805168040611483 0.0007769776877151677 
-0.0007053000000000059 -0.0010379999999999834 -0.002382999999999913 0.9999997998388964 -0.0005020497720302046 -0.0001598152703289257 0.00035032452535749964 
-0.0005478999999999901 -0.0009440000000000004 -0.002713999999999994 0.9999999246464499 -0.00016256849322543107 -0.0003466022189579708 -6.438541212099025e-05 
-0.0004582000000000058 -0.0008929999999999771 -0.002499000000000029 0.9999998995378223 -0.00014761242556239618 -0.00029636208215529005 0.0003021662347592116 
-0.0003024999999999972 -0.0007090000000000152 -0.0020280000000000298 0.9999997203336249 0.00039079698226422363 -0.0002445260820984293 0.0005889120360659944 
-0.00021450000000000635 -0.0006079999999999974 -0.001827000000000023 0.9999996332855128 0.0006270272122135719 -1.011589070728288e-05 0.000583235273320673 
-0.00020850000000000035 -0.00040000000000001146 -0.001762999999999959 0.9999990612682296 0.0011314334889974478 0.0003247952514232786 0.0007013051861615785 
-0.00026849999999999097 -0.00013999999999997348 -0.0014730000000000576 0.9999981431737166 0.0016373008557268448 0.0008593621503175481 0.0005425787698033827 
-0.00029310000000000447 0.00010199999999999099 -0.0010709999999999331 0.9999973970299022 0.002040715326080224 0.0010037348621713678 0.00018420288946236624 
-0.0004996999999999918 2.0000000000020002e-05 -0.0012790000000000301 0.9999950957312536 0.0024358842266826407 0.001277915363117154 0.0014973021740181253 
-0.0005838000000000093 0.0004289999999999572 -0.0009580000000000144 0.9999936089300078 0.0028664712950723613 0.0017519948465625152 0.0012230926012657337 
-0.0008993999999999946 0.0006349999999999967 -0.0006119999999999459 0.9999910336422317 0.0031498313532260305 0.002712540788555912 0.0008082821646372695 
-0.0009395999999999988 0.0005930000000000102 -0.0007250000000000867 0.999991539731221 0.0030414996371253486 0.002281388664651848 0.0015700355728003323 
-0.0010104999999999975 0.00037999999999999146 -0.0006899999999999684 0.999991524935969 0.0028014685168187906 0.002246346148055404 0.0020138915978233363 
-0.0012136000000000091 0.0006030000000000202 -0.0006509999999999572 0.9999877274103122 0.003335051939556709 0.003463239198137613 0.0011951701033921236 
-0.0010137999999999953 0.0007110000000000172 -0.0005610000000000337 0.9999886571303579 0.0034071482976035863 0.003237106371896542 0.0007733650103455003 
-0.0008839000000000069 0.0006809999999999872 -0.0005870000000000042 0.9999869929257266 0.0036658219028015 0.0031392839906791543 0.0016494317705906397 
0.0 0.0 0.0 1.0000000000000002 0.0 6.418476861114186e-17 -6.938893903907228e-18 
-0.001390299999999997 0.0010879999999999779 -0.0009419999999999984 0.9999486978114684 0.00784814899527798 0.005665657095141781 0.002984733183548055 
-0.0006223999999999952 0.0005040000000000044 -0.00042600000000003746 0.9999877258557951 0.003622101189186693 0.0026906470613948523 0.002046689796108399 
-0.0003540000000000071 0.0005200000000000204 -0.0005639999999998979 0.9999904666797057 0.003650680158622008 0.0019433362572555885 0.0014009026644750885 
-6.139999999998924e-05 0.0003249999999999642 -0.0009330000000000727 0.9999938799574224 0.0032785432657034576 0.0007308382021056401 0.0009783032645133763 
0.00016359999999999986 1.5000000000042757e-05 -0.0011419999999999764 0.9999923241620202 0.0030976799639163694 -0.00021986539582550803 0.0023890699215295824 
0.0002813999999999872 -9.900000000001574e-05 -0.0011240000000000139 0.9999962157445371 0.002554912238207318 -0.0005175222782589028 0.0008792557943364254 
0.0005606000000000083 -9.599999999998499e-05 -0.001471 0.9999923173471721 0.003001078927848417 -0.0015780519914207543 0.0019668563277075654 
0.0004887999999999976 -4.2000000000042004e-05 -0.0013100000000000334 0.9999926236926524 0.0024833091340515957 -0.0019064849107958029 0.0022250957991213904 
0.0002540000000000042 -5.099999999996774e-05 -0.00115899999999991 0.9999938156802889 0.0023395268563423492 -0.001925564097517788 0.001785334190314125 
-8.070000000000299e-05 -0.00020599999999998397 -0.0012440000000000229 0.9999957315347797 0.0018400605512615062 -0.001748802427947007 0.0014466442051311451 
-0.0006731999999999988 -0.00035800000000002496 -0.0012680000000000469 0.9999954363042838 0.0009427713479685483 -0.0013177962720773433 0.002549895248047475 
-0.0012389000000000011 -0.0003429999999999822 -0.0010200000000000209 0.999994232796369 0.0005372769931928853 -0.0011680284629462549 0.003143472116008024 
-0.001599100000000006 -0.00023800000000001598 -0.0009199999999999209 0.9999941727951123 0.00015093736172841488 -0.0010117206332329828 0.003256994794665645 
-0.0015583999999999876 -0.0002750000000000252 -0.0010069999999999801 0.9999942747573686 -0.00021178972910546046 -0.0008371144736835744 0.0032718247130854444 
-0.003235800000000011 -0.001558999999999977 -0.003191000000000055 0.9999754485827416 -0.0024467505917936828 -0.0006072148636207454 0.0065381139020354515 
-0.0012466000000000005 -0.0010580000000000034 -0.0015739999999999643 0.9999972495218001 -0.0018062130729198708 0.00012988108402936906 0.0014905281191437345 
-0.0008980999999999989 -0.0010539999999999994 -0.0013720000000000399 0.99999599864026 -0.001740904742505961 0.0001354867484024793 0.0022256678745981306 
-0.0005133999999999972 -0.0007090000000000152 -0.0006979999999999764 0.9999986589545686 -0.001312160606056028 0.00013008554193598312 0.0009712885052458597 
-0.0004795999999999967 -0.0011410000000000031 -0.0009219999999999784 0.9999971674310915 -0.002219117929939434 -9.194363507470971e-05 0.0008556820525389176 
-0.0006582000000000046 -0.0015119999999999578 -0.0011200000000000099 0.9999955169017701 -0.0029827074804456635 9.558501753931188e-05 0.0002459592488159579 
-0.0007804999999999965 -0.0016360000000000263 -0.0012140000000000484 0.9999946773149028 -0.0032381786773680015 0.0003618590860631005 -0.00016911155791683036 
-0.0009583999999999981 -0.0020879999999999788 -0.0015969999999999596 0.9999906196887887 -0.004267183967014024 0.0006443714117865853 -0.00036940615598145266 
-0.0015938000000000063 -0.002638000000000029 -0.0019780000000000353 0.9999828476899232 -0.00541835457378084 0.002001380205141541 -0.0009696581559104807 
-0.0015691999999999998 -0.0018279999999999963 -0.0010689999999999866 0.9999894090098881 -0.00396324325580268 0.0022693290634494324 -0.0005698390580598303 
-0.0014167999999999958 -0.0013829999999999676 -0.0005589999999999762 0.9999934611646492 -0.003109821392626365 0.001844101770116718 7.699034238733624e-05 
-0.0011834000000000011 -0.0009810000000000096 -0.00019299999999999873 0.9999954312688726 -0.0023737627874960213 0.0014729622983341434 0.001154588098860456 
-0.001251099999999998 -0.0009810000000000096 -0.00022500000000003073 0.9999939794737619 -0.0023701092290657087 0.0014987144267018925 0.0020438819778017363 
-0.0010760000000000006 -0.0006780000000000119 -0.00018399999999996197 0.9999967924099014 -0.0016315794771906231 0.0013121119402359873 0.0014253001700449547 
-0.0010194000000000036 -0.0004349999999999632 -7.699999999999374e-05 0.9999961621961838 -0.0010568710304312374 0.0014079585398210214 0.0021392216526585663 
-0.0010234999999999966 -0.00023100000000003673 3.799999999998249e-05 0.9999954529450769 -0.0004941498860170611 0.0018033424323854225 0.002365979951800115 
-0.0007747999999999991 -3.700000000000925e-05 0.00010799999999999699 0.9999974777500881 8.935381456055217e-05 0.0018582352802591542 0.0012583604417407811 
-0.0005906000000000036 0.00018800000000002148 6.300000000003525e-05 0.9999965820749737 0.0007817517220481129 0.002303823556350525 0.0009576531922825954 
0.0 0.0 0.0 1.0 0.0 -2.4245471082207093e-17 0.0 
0.0 0.0 0.0 1.0 0.0 -2.4245471082207093e-17 0.0 
0.0 0.0 0.0 1.0 0.0 -2.4245471082207093e-17 0.0 
0.0 0.0 0.0 1.0 0.0 -2.4245471082207093e-17 0.0 
0.0 0.0 0.0 1.0 0.0 -2.4245471082207093e-17 0.0 
0.0 0.0 0.0 1.0 0.0 -2.4245471082207093e-17 0.0 
-0.00036499999999999727 0.0028980000000000117 -0.001371000000000011 0.9997613700357431 0.011954879638224346 0.01806880731052325 -0.0027932131076869662 
-1.2900000000003187e-05 0.0007659999999999889 9.799999999993148e-05 0.9999914036831125 0.002619852306463062 0.0029824571919834387 -0.0011974484828060974 
9.910000000000474e-05 0.0006939999999999724 0.00018300000000004424 0.9999911459887508 0.0026134606152341967 0.0031586775308962856 -0.0009489594160963545 
0.00039219999999999533 0.0005030000000000312 0.00012599999999995948 0.999993299883366 0.0022851128774745554 0.0027457781623731956 -0.0007994684462334783 
0.0006171000000000024 0.0006030000000000202 0.00025799999999998047 0.9999901097570214 0.0028443532836524166 0.0031835043183883254 -0.0012471338312830225 
0.0007298000000000027 0.0005079999999999529 0.0004470000000000862 0.9999916262981996 0.002605342390289766 0.003099004834019734 -0.0005964004947837352 
0.000582199999999998 0.0004010000000000402 0.0006410000000000027 0.9999925589432446 0.002252467812360078 0.003055746844649431 -0.0006861910209591746 
0.00037299999999999833 0.0005159999999999609 0.0009129999999999416 0.9999890359015451 0.002567150590543285 0.0038471245879150013 -0.0007331077337063112 
0.00040380000000000277 0.0003150000000000097 0.001060000000000061 0.9999868325013229 0.0023196600928404726 0.00443507598400578 -0.0011331822630025919 
0.00046589999999999826 5.3999999999998494e-05 0.0010040000000000049 0.999988245361429 0.001762236349238595 0.00439801575156599 -0.001030106532697691 
0.0005133999999999972 -6.60000000000105e-05 0.0010329999999999506 0.9999887625198434 0.0014449454275633246 0.004372828136662467 -0.0011248736954068 
0.0003515000000000046 0.00018600000000001948 0.0012600000000000389 0.9999861849873646 0.0017632168814306313 0.0049168686440102475 -0.0005876252061593271 
0.0001571000000000003 0.00037199999999998346 0.001583000000000001 0.9999814214749306 0.0019658798021097677 0.00571657770055233 -0.0007827905049898609 
2.8499999999993808e-05 0.0003490000000000437 0.0016919999999999158 0.9999816606163006 0.0016617516850467896 0.0057670017665667275 -0.000811605216705126 
-9.979999999999711e-05 0.00016399999999999748 0.001555000000000084 0.9999851995640276 0.000994302862393763 0.005334649086418436 -0.00039183393775411163 
-9.689999999999699e-05 3.6999999999953737e-05 0.0015769999999999396 0.9999855507684294 0.000484835345158717 0.005339363902263694 -0.00039291496241447565 
-0.0002611000000000002 0.0003690000000000082 0.0019290000000000695 0.9999778135492283 0.0012962046403606937 0.0064556601638551215 -0.0010083227082252413 
-0.0004426000000000013 0.0004669999999999952 0.0022219999999999462 0.9999728622884307 0.001499832061859479 0.00716899592854229 -0.0007941585775625704 
-0.00043510000000000076 0.00028400000000000647 0.0020930000000000115 0.9999786353555644 0.000799444772641069 0.006485393586175601 -0.00017143660933237326 
-0.0008205000000000018 0.0003690000000000082 0.0023919999999999497 0.9999703425457511 0.0006484357717968653 0.0076586505207824895 -0.0004884999322576702 
-0.0010830000000000006 0.0007070000000000132 0.002175000000000038 0.9999725787245376 0.0011037874820598002 0.00730890085287936 -0.00045102163556873937 
-0.000978799999999995 0.0004919999999999924 0.0017819999999999503 0.9999819087203815 9.788683070938858e-05 0.006011155025332846 -0.00019663512456761373 
-0.0008811000000000027 0.0004569999999999852 0.0016290000000001026 0.9999855804171528 -9.323651534976635e-05 0.0053690002010774816 6.404344570409143e-05 
-0.0009059999999999971 0.00046600000000002195 0.001810999999999896 0.9999805729713515 -0.00024607852667272306 0.006228225576090798 4.828477910601148e-05 
-0.0007383000000000042 0.0006570000000000187 0.0016130000000000866 0.9999814781557137 0.00036345029507690516 0.006068300766138799 -0.0002949155960527139 
-0.0005130999999999955 0.0008009999999999962 0.001558999999999977 0.9999819301241738 0.0007082536785722252 0.005961671987840882 -0.00031027240910657533 
4.3199999999993244e-05 0.0006799999999999584 0.0012980000000000214 0.9999888710429949 0.00029733592873100803 0.004704605490601666 -0.00018991756074909077 
0.0002403000000000058 0.0007250000000000312 0.001206999999999958 0.9999897114546886 0.0007095937991777428 0.004470223722093762 -0.00030093401872864634 
0.00034979999999999734 0.0006180000000000074 0.0010700000000000154 0.9999893498072017 0.00015439365845001593 0.004605432056045095 -0.0002577408498319958 
0.00010079999999999811 0.0007499999999999729 0.0008129999999999526 0.9999919431208864 0.00013594534573251743 0.0040023710390448925 -0.0002761127360082147 
-0.00021070000000000116 0.0009709999999999996 0.0008860000000000534 0.999989665166798 0.0005085917497620572 0.0045146516394782244 -0.0001697486430182124 
-0.0006326999999999999 0.0009450000000000292 0.0009019999999999584 0.9999867503596169 0.00011909157280365693 0.005141271814342961 0.00022857502457944434 
-0.0006202999999999972 0.0006140000000000034 0.0006630000000000802 0.9999915444253604 -0.0006087128440812571 0.004001526788780763 0.0007268629956862782 
-0.0006458000000000019 0.0009059999999999624 0.0010679999999999579 0.9999889198211516 -0.00014370217324866444 0.004649441383453811 0.0007226890298266189 
-0.000559999999999998 0.0007940000000000169 0.0012219999999999454 0.9999882160284104 -0.0001728951471662056 0.004806167568060659 0.0006623178188506287 
-0.0005029999999999965 0.0005249999999999977 0.0011440000000000339 0.999987591453907 -0.0006014442666436477 0.004910840976984489 0.0005821030034197858 
-0.0004865000000000008 0.0007119999999999904 0.0012030000000000651 0.9999890893415337 -0.00011958531728819763 0.004668383266749655 0.0001144330232161761 
-0.0006066000000000057 0.0012099999999999889 0.0018399999999999528 0.9999777648986764 0.001186865915540146 0.006560324640365933 -0.00015230941979774149 
-0.0004683999999999938 0.0007610000000000117 0.001798999999999995 0.9999811004634872 0.000646357620721353 0.006111832078820497 -0.00016262318358088723 
-0.0004886000000000057 0.0005990000000000162 0.0016490000000000116 0.9999866229354449 0.0007212823554775052 0.005121388689182777 -7.127287490055201e-05 
-0.0006311999999999984 0.0005859999999999754 0.0018599999999999728 0.9999860336984145 0.0009213221825018769 0.005204158321167028 1.7598812369533368e-05 
-0.0008530999999999955 0.0008720000000000394 0.0023659999999999792 0.9999791142268296 0.001916914904739126 0.006161612781625635 -0.00036204323267356037 
-0.0009945000000000023 0.0012079999999999869 0.002778000000000058 0.9999703391801598 0.0026993096192001187 0.007060096181701954 -0.0014797058496824403 
-0.0006429000000000018 0.0008119999999999794 0.0017929999999999335 0.9999852762991892 0.0019026016202864683 0.004712218200984584 -0.0019032318659458342 
-0.0005413000000000015 0.0007480000000000264 0.0016420000000000323 0.9999844582219547 0.0018827215455042533 0.004491874149259591 -0.0027132527993294422 
-0.0005857999999999974 0.0011649999999999716 0.002051000000000025 0.999973975991382 0.003448054760942749 0.005934145533999884 -0.0022235501194916713 
