[0.00197139, 0.275992, 1.26491] [-0.77925, -0.199869, 0.144179, -0.576224]
[0.00197139, 0.275992, 1.26491] [-0.77925, -0.199869, 0.144179, -0.576224]
[0.00197139, 0.275992, 1.26491] [-0.77925, -0.199869, 0.144179, -0.576224]
[0.00197139, 0.275992, 1.26491] [-0.77925, -0.199869, 0.144179, -0.576224]
[0.00197139, 0.275992, 1.26491] [-0.77925, -0.199869, 0.144179, -0.576224]
[0.00197139, 0.275992, 1.26491] [-0.77925, -0.199869, 0.144179, -0.576224]
[0.00197139, 0.275992, 1.26491] [-0.77925, -0.199869, 0.144179, -0.576224]
[0.00197139, 0.275992, 1.26491] [-0.77925, -0.199869, 0.144179, -0.576224]
[0.00197139, 0.275992, 1.26491] [-0.77925, -0.199869, 0.144179, -0.576224]
[0.00197139, 0.275992, 1.26491] [-0.77925, -0.199869, 0.144179, -0.576224]
[0.00197139, 0.275992, 1.26491] [-0.77925, -0.199869, 0.144179, -0.576224]
[0.00197139, 0.275992, 1.26491] [-0.77925, -0.199869, 0.144179, -0.576224]
[0.00197139, 0.275992, 1.26491] [-0.77925, -0.199869, 0.144179, -0.576224]
[0.00197139, 0.275992, 1.26491] [-0.77925, -0.199869, 0.144179, -0.576224]
[0.00197139, 0.275992, 1.26491] [-0.77925, -0.199869, 0.144179, -0.576224]
[0.00197139, 0.275992, 1.26491] [-0.77925, -0.199869, 0.144179, -0.576224]
[0.00197139, 0.275992, 1.26491] [-0.77925, -0.199869, 0.144179, -0.576224]
[0.00197139, 0.275992, 1.26491] [-0.77925, -0.199869, 0.144179, -0.576224]
[0.00138269, 0.276059, 1.26491] [-0.778834, -0.199708, 0.144206, -0.576836]
[0.00138035, 0.276059, 1.26491] [-0.778833, -0.199707, 0.144204, -0.576837]
[0.00137854, 0.276061, 1.26491] [-0.778829, -0.199712, 0.14421, -0.576839]
[0.00138009, 0.276073, 1.26492] [-0.778826, -0.199749, 0.144224, -0.576827]
[0.00141193, 0.276141, 1.265] [-0.778869, -0.20004, 0.144205, -0.576673]
[0.00124165, 0.276311, 1.2652] [-0.778965, -0.200903, 0.144017, -0.57629]
[0.000125569, 0.276473, 1.26542] [-0.779275, -0.20236, 0.143274, -0.575546]
[-0.00206062, 0.276585, 1.26549] [-0.779479, -0.204635, 0.141555, -0.574891]
[-0.00445646, 0.276717, 1.26568] [-0.779911, -0.207866, 0.138921, -0.573787]
[-0.00659908, 0.276809, 1.26609] [-0.780813, -0.211718, 0.136047, -0.571838]
[-0.00894269, 0.276855, 1.267] [-0.782202, -0.217305, 0.13233, -0.568707]
[-0.010616, 0.276844, 1.26796] [-0.783809, -0.222258, 0.129447, -0.565234]
[-0.0122067, 0.276803, 1.26889] [-0.785425, -0.227501, 0.126054, -0.561659]
[-0.0144297, 0.27686, 1.27013] [-0.787353, -0.23451, 0.12139, -0.557086]
[-0.0176761, 0.276934, 1.27169] [-0.789803, -0.243358, 0.115686, -0.551004]
[-0.0203039, 0.276942, 1.2728] [-0.791725, -0.250108, 0.110713, -0.546223]
[-0.0232855, 0.276871, 1.27398] [-0.793521, -0.257445, 0.105391, -0.541238]
[-0.0263853, 0.276858, 1.27503] [-0.795436, -0.264883, 0.0996337, -0.535903]
[-0.0296753, 0.276845, 1.27628] [-0.797624, -0.273085, 0.0932833, -0.52964]
[-0.0350925, 0.277013, 1.27901] [-0.800862, -0.288131, 0.0818398, -0.518558]
[-0.0389819, 0.276983, 1.28071] [-0.803251, -0.298109, 0.0731497, -0.510458]
[-0.0428031, 0.277065, 1.28238] [-0.805022, -0.307961, 0.0645115, -0.502929]
[-0.0455527, 0.277088, 1.28363] [-0.806391, -0.315136, 0.0581798, -0.49703]
[-0.0485948, 0.277126, 1.28499] [-0.808343, -0.323677, 0.0500786, -0.489189]
[-0.052309, 0.277167, 1.28611] [-0.809923, -0.332512, 0.0408349, -0.481449]
[-0.0556182, 0.277285, 1.28719] [-0.811489, -0.340572, 0.0320442, -0.473783]
[-0.0591332, 0.277422, 1.28823] [-0.813467, -0.349364, 0.0215783, -0.46449]
[-0.0621583, 0.277601, 1.28913] [-0.814747, -0.357242, 0.0119469, -0.456534]
[-0.0654884, 0.27775, 1.28991] [-0.816047, -0.365644, 0.00106234, -0.447628]
[-0.0682525, 0.277999, 1.29039] [-0.81747, -0.373222, -0.00961749, -0.438583]
[-0.0710587, 0.27841, 1.29091] [-0.818684, -0.381119, -0.0213351, -0.42901]
[-0.073977, 0.278927, 1.29134] [-0.819603, -0.389463, -0.0345854, -0.418776]
[-0.0766182, 0.27948, 1.29168] [-0.820777, -0.397129, -0.0478625, -0.407828]
[-0.0790145, 0.28, 1.29165] [-0.821707, -0.404371, -0.0613405, -0.396886]
[-0.0809707, 0.280605, 1.29144] [-0.822271, -0.410706, -0.0742926, -0.386875]
[-0.0829009, 0.281443, 1.29106] [-0.823183, -0.41776, -0.0902349, -0.37377]
[-0.0845058, 0.282362, 1.29057] [-0.82383, -0.424512, -0.106437, -0.360229]
[-0.0859685, 0.283187, 1.28976] [-0.824094, -0.430537, -0.122905, -0.34699]
[-0.0873387, 0.283941, 1.289] [-0.824376, -0.435536, -0.138751, -0.333857]
[-0.0887797, 0.284577, 1.28823] [-0.824444, -0.439679, -0.153897, -0.321389]
[-0.0904111, 0.28517, 1.28762] [-0.823779, -0.444029, -0.170218, -0.308629]
[-0.0914223, 0.285854, 1.2867] [-0.823481, -0.447107, -0.186123, -0.29552]
[-0.0915645, 0.286888, 1.28547] [-0.822903, -0.449838, -0.202033, -0.28224]
[-0.0909684, 0.288204, 1.28376] [-0.822491, -0.451719, -0.218075, -0.268144]
[-0.0898614, 0.28969, 1.28162] [-0.822298, -0.452722, -0.23468, -0.252576]
[-0.0883663, 0.291463, 1.27909] [-0.821444, -0.453634, -0.251823, -0.23671]
[-0.0869964, 0.293558, 1.27631] [-0.820362, -0.453384, -0.271859, -0.21804]
[-0.0858863, 0.295467, 1.27384] [-0.818662, -0.452686, -0.289918, -0.20203]
[-0.0851874, 0.297055, 1.2715] [-0.817245, -0.450802, -0.306039, -0.187694]
[-0.0844364, 0.298904, 1.26849] [-0.815262, -0.448008, -0.323588, -0.172997]
[-0.0838058, 0.300901, 1.26563] [-0.813127, -0.444726, -0.340226, -0.159025]
[-0.0829837, 0.303223, 1.2622] [-0.810755, -0.439931, -0.358531, -0.143499]
[-0.0822673, 0.305628, 1.25918] [-0.807977, -0.435077, -0.375705, -0.129333]
[-0.0814882, 0.308011, 1.25652] [-0.804992, -0.429951, -0.392139, -0.115573]
[-0.0805785, 0.310389, 1.25406] [-0.802003, -0.424785, -0.407051, -0.103242]
[-0.0797062, 0.313011, 1.25117] [-0.799051, -0.418451, -0.422183, -0.0904346]
[-0.0790694, 0.315509, 1.24845] [-0.795905, -0.412283, -0.43632, -0.0786295]
[-0.0787466, 0.318278, 1.24502] [-0.792749, -0.404805, -0.450736, -0.0672219]
[-0.0784593, 0.321179, 1.24189] [-0.789875, -0.3972, -0.463842, -0.0563941]
[-0.0781806, 0.324408, 1.23904] [-0.786754, -0.389342, -0.476789, -0.0458589]
[-0.0781, 0.32798, 1.23669] [-0.782671, -0.380837, -0.491096, -0.0348456]
[-0.0777937, 0.330859, 1.23469] [-0.7802, -0.373943, -0.500705, -0.0273774]
[-0.0774533, 0.334294, 1.23325] [-0.776448, -0.366339, -0.51243, -0.0184125]
[-0.0769414, 0.337759, 1.23212] [-0.772977, -0.358919, -0.523049, -0.0101216]
[-0.0763245, 0.3411, 1.23069] [-0.770317, -0.351986, -0.5317, -0.00352406]
[-0.0758436, 0.34517, 1.22902] [-0.766861, -0.343514, -0.542128, 0.00446243]
[-0.0756015, 0.349573, 1.22779] [-0.763001, -0.334335, -0.553074, 0.0125944]
[-0.0752571, 0.353623, 1.22611] [-0.760534, -0.326055, -0.561197, 0.0182744]
[-0.0748722, 0.357425, 1.22475] [-0.758381, -0.318421, -0.568273, 0.0230634]
[-0.0744291, 0.361624, 1.22327] [-0.755751, -0.309696, -0.57627, 0.0290043]
[-0.0738375, 0.366009, 1.22226] [-0.753029, -0.301623, -0.583788, 0.0341034]
[-0.0731175, 0.370062, 1.22131] [-0.750548, -0.294048, -0.5905, 0.0390251]
[-0.0722141, 0.374767, 1.21987] [-0.74872, -0.28543, -0.596736, 0.0430561]
[-0.071829, 0.380986, 1.21823] [-0.746262, -0.273334, -0.60503, 0.0481708]
[-0.0724969, 0.389394, 1.21625] [-0.743445, -0.256476, -0.615388, 0.0529846]
[-0.0747212, 0.399049, 1.21417] [-0.740118, -0.236456, -0.626954, 0.0569466]
[-0.076403, 0.404985, 1.21295] [-0.738185, -0.224166, -0.633522, 0.0590147]
[-0.0796417, 0.413687, 1.21043] [-0.736641, -0.20443, -0.641855, 0.0599248]
[-0.0820415, 0.418878, 1.20837] [-0.736927, -0.191465, -0.645551, 0.0595261]
[-0.0849855, 0.423517, 1.20589] [-0.738, -0.178203, -0.648254, 0.0580194]
[-0.0891167, 0.428685, 1.20271] [-0.739869, -0.162254, -0.65053, 0.0554917]
[-0.0928953, 0.433027, 1.19997] [-0.741262, -0.147972, -0.652533, 0.0532555]
[-0.0971732, 0.437333, 1.19641] [-0.744018, -0.132483, -0.653022, 0.0494697]
[-0.101435, 0.44135, 1.19333] [-0.746074, -0.117325, -0.653808, 0.0463112]
[-0.105907, 0.444914, 1.19001] [-0.748874, -0.102456, -0.653417, 0.0416784]
[-0.110212, 0.448311, 1.18685] [-0.751524, -0.0874711, -0.652781, 0.0379129]
[-0.114407, 0.451401, 1.18356] [-0.754753, -0.0731331, -0.651116, 0.0323596]
[-0.11894, 0.454116, 1.18047] [-0.757462, -0.0582317, -0.649688, 0.0276729]
[-0.123104, 0.45662, 1.17716] [-0.760839, -0.0446876, -0.647031, 0.0218711]
[-0.126794, 0.458708, 1.17423] [-0.763958, -0.0312379, -0.644285, 0.0169872]
[-0.130462, 0.46079, 1.17169] [-0.766995, -0.0189726, -0.641281, 0.0107858]
[-0.134402, 0.462891, 1.16855] [-0.770903, -0.00438297, -0.636922, 0.00440721]
[-0.137368, 0.464514, 1.16578] [-0.774806, 0.00757406, -0.632148, -0.00248502]
[-0.139806, 0.466161, 1.16373] [-0.778183, 0.0189678, -0.627701, -0.00789581]
[-0.141593, 0.467539, 1.16148] [-0.781998, 0.0286241, -0.622465, -0.014063]
[-0.14356, 0.469649, 1.15846] [-0.788195, 0.0435434, -0.613457, -0.0228975]
[-0.143946, 0.471058, 1.15687] [-0.792455, 0.0507255, -0.607122, -0.0290502]
[-0.143635, 0.472316, 1.15572] [-0.796171, 0.057093, -0.601474, -0.0328866]
[-0.143448, 0.47278, 1.15539] [-0.797749, 0.0593915, -0.599048, -0.0347977]
[-0.14286, 0.473485, 1.15484] [-0.799702, 0.0618915, -0.596068, -0.0367355]
[-0.141594, 0.474775, 1.15431] [-0.803061, 0.0648561, -0.590974, -0.0404476]
[-0.13932, 0.476342, 1.15376] [-0.806112, 0.0672655, -0.586439, -0.0418002]
[-0.135628, 0.478399, 1.15332] [-0.809813, 0.0681229, -0.581129, -0.0430266]
[-0.130411, 0.480901, 1.15302] [-0.813755, 0.0671973, -0.575656, -0.0436899]
[-0.124887, 0.483308, 1.15229] [-0.817663, 0.0659454, -0.570312, -0.0426957]
[-0.118368, 0.486116, 1.15197] [-0.821546, 0.0638237, -0.565125, -0.0402768]
[-0.111647, 0.488924, 1.15157] [-0.825691, 0.0602224, -0.559561, -0.0387022]
[-0.103963, 0.492009, 1.15116] [-0.830259, 0.0566501, -0.553385, -0.0350168]
[-0.0949208, 0.495515, 1.15075] [-0.835478, 0.0511179, -0.546222, -0.0316941]
[-0.0823073, 0.500095, 1.1497] [-0.842454, 0.0441804, -0.536333, -0.0258313]
[-0.0722672, 0.503616, 1.14895] [-0.847876, 0.0389817, -0.528348, -0.0208576]
[-0.0632872, 0.506452, 1.14763] [-0.853135, 0.0347564, -0.520258, -0.0168742]
[-0.0546979, 0.509244, 1.14654] [-0.858282, 0.0307362, -0.512097, -0.0127591]
[-0.0469133, 0.511564, 1.14506] [-0.863284, 0.0275574, -0.503882, -0.0092075]
[-0.0390483, 0.513938, 1.1433] [-0.868718, 0.0236542, -0.494701, -0.00632719]
[-0.0258016, 0.517944, 1.13967] [-0.877714, 0.0189312, -0.47881, 0.000265609]
[-0.024445, 0.51842, 1.1393] [-0.878575, 0.0183204, -0.477253, 0.000808618]
[-0.020955, 0.519535, 1.13789] [-0.881075, 0.0171052, -0.472662, 0.00225394]
[-0.0173477, 0.52087, 1.13654] [-0.883121, 0.0157621, -0.46886, 0.00446037]
[-0.0134059, 0.522384, 1.13471] [-0.884718, 0.0144849, -0.465846, 0.00711834]
[-0.00885968, 0.523955, 1.13224] [-0.886822, 0.0129876, -0.461821, 0.00998331]
[-0.00573659, 0.525159, 1.13037] [-0.887731, 0.0119437, -0.460056, 0.0118209]
[-0.00174199, 0.526523, 1.12794] [-0.888589, 0.0108977, -0.458344, 0.0145209]
[0.00226137, 0.527684, 1.12521] [-0.889585, 0.0102255, -0.45632, 0.0174729]
[0.00656374, 0.528843, 1.12218] [-0.890566, 0.00961881, -0.454277, 0.0208042]
[0.0104602, 0.529868, 1.11879] [-0.891517, 0.00961124, -0.452242, 0.0241336]
[0.0142018, 0.530755, 1.11451] [-0.89266, 0.0105967, -0.449743, 0.0278824]
[0.0168253, 0.531365, 1.11047] [-0.89363, 0.0121356, -0.447576, 0.030892]
[0.0192512, 0.531865, 1.10615] [-0.894806, 0.0136635, -0.445016, 0.0330994]
[0.0213724, 0.532196, 1.1024] [-0.896037, 0.01477, -0.442399, 0.0344076]
[0.023414, 0.53242, 1.0991] [-0.897222, 0.015354, -0.439922, 0.0350149]
[0.0255944, 0.532463, 1.09547] [-0.898598, 0.0161505, -0.437038, 0.0354662]
[0.0278715, 0.53242, 1.09094] [-0.900054, 0.0177573, -0.433888, 0.0364468]
[0.0299302, 0.53223, 1.08547] [-0.901406, 0.0201391, -0.430915, 0.0370706]
[0.0313831, 0.531968, 1.08034] [-0.902485, 0.0224818, -0.428543, 0.0369757]
[0.0325568, 0.531549, 1.07465] [-0.903326, 0.0258672, -0.426526, 0.0375216]
[0.0333917, 0.53108, 1.06966] [-0.903879, 0.0288347, -0.425156, 0.0375933]
[0.0342575, 0.530501, 1.06419] [-0.904603, 0.031711, -0.423462, 0.0369875]
[0.035111, 0.529822, 1.05934] [-0.905091, 0.0348547, -0.422098, 0.0378026]
[0.0359167, 0.529103, 1.05535] [-0.905615, 0.0366602, -0.420879, 0.0371215]
[0.0364192, 0.528207, 1.05173] [-0.906038, 0.0383638, -0.419886, 0.0363235]
[0.0367582, 0.527447, 1.0491] [-0.90621, 0.0396704, -0.419416, 0.0360491]
[0.037064, 0.526496, 1.04633] [-0.906612, 0.0404314, -0.418608, 0.0344558]
[0.0370688, 0.525273, 1.04376] [-0.906751, 0.0418516, -0.41822, 0.0338153]
[0.0370799, 0.524122, 1.04176] [-0.906696, 0.0423453, -0.418423, 0.0321178]
[0.0369984, 0.523042, 1.03954] [-0.906181, 0.0433728, -0.419446, 0.031931]
[0.0370092, 0.521524, 1.03711] [-0.905943, 0.0441563, -0.419998, 0.0303168]
[0.0371875, 0.519855, 1.03478] [-0.905701, 0.0455268, -0.420384, 0.0301665]
[0.0373979, 0.51823, 1.03239] [-0.905415, 0.0463144, -0.420992, 0.0290536]
[0.0375104, 0.516257, 1.03022] [-0.905188, 0.0477916, -0.421339, 0.0287137]
[0.037615, 0.514094, 1.02866] [-0.904608, 0.0483592, -0.422615, 0.0272331]
[0.0376478, 0.51198, 1.0273] [-0.903649, 0.0491176, -0.424574, 0.0272652]
[0.0378106, 0.509786, 1.02614] [-0.903214, 0.0493581, -0.425536, 0.0262374]
[0.0382185, 0.507416, 1.02483] [-0.902768, 0.0502437, -0.426361, 0.0264986]
[0.0386559, 0.50436, 1.02358] [-0.902304, 0.0505393, -0.42735, 0.0257861]
[0.0388166, 0.501791, 1.02245] [-0.901648, 0.0512446, -0.428606, 0.0264859]
[0.0388365, 0.499284, 1.02185] [-0.900953, 0.0511259, -0.430094, 0.0262436]
[0.0389466, 0.496293, 1.02088] [-0.900294, 0.0518333, -0.431343, 0.0269839]
[0.0391114, 0.493588, 1.02017] [-0.899934, 0.0515782, -0.432148, 0.026591]
[0.039739, 0.490158, 1.01897] [-0.899597, 0.052364, -0.432659, 0.0280756]
[0.040412, 0.487056, 1.01816] [-0.899388, 0.0524012, -0.433048, 0.0287241]
[0.0410218, 0.483348, 1.01738] [-0.898595, 0.0526587, -0.434505, 0.0309678]
[0.0418101, 0.479881, 1.01678] [-0.898269, 0.0523368, -0.435146, 0.0319615]
[0.0427162, 0.476566, 1.01598] [-0.898162, 0.0523328, -0.435236, 0.0336933]
[0.0436064, 0.473125, 1.01537] [-0.897807, 0.0524482, -0.435755, 0.0361861]
[0.045054, 0.469273, 1.01454] [-0.897925, 0.051898, -0.43542, 0.0380302]
[0.0464632, 0.465627, 1.0137] [-0.898151, 0.0518535, -0.434726, 0.0406188]
[0.0479839, 0.461259, 1.01305] [-0.898211, 0.0511712, -0.434391, 0.0436203]
[0.049235, 0.457563, 1.01232] [-0.898357, 0.0505235, -0.433973, 0.0454941]
[0.0504389, 0.453917, 1.01189] [-0.898533, 0.0500966, -0.433348, 0.0483524]
[0.0520688, 0.449655, 1.01114] [-0.898823, 0.0498017, -0.432428, 0.0514056]
[0.0538526, 0.445911, 1.01047] [-0.89936, 0.0491455, -0.431045, 0.0541873]
[0.0555607, 0.442171, 1.00993] [-0.899893, 0.0483999, -0.429691, 0.0567055]
[0.0578601, 0.438051, 1.00933] [-0.90051, 0.0476188, -0.427972, 0.0604494]
[0.0601002, 0.434257, 1.00897] [-0.901158, 0.0465598, -0.426222, 0.0638876]
[0.0620614, 0.43071, 1.00859] [-0.901743, 0.0454188, -0.424654, 0.066829]
[0.0639742, 0.427454, 1.00827] [-0.902276, 0.0441289, -0.423218, 0.0695528]
[0.0657799, 0.424252, 1.00796] [-0.902797, 0.0429726, -0.421771, 0.0722509]
[0.0676847, 0.421405, 1.00761] [-0.90352, 0.0413788, -0.419916, 0.0749029]
[0.0697797, 0.418488, 1.00704] [-0.904463, 0.0400572, -0.417453, 0.077936]
[0.0720744, 0.416054, 1.00628] [-0.905658, 0.0389976, -0.414461, 0.0805272]
[0.0748436, 0.413317, 1.00516] [-0.907353, 0.0382777, -0.410279, 0.0831618]
[0.077735, 0.410869, 1.00424] [-0.909118, 0.0374242, -0.405932, 0.0855691]
[0.0806489, 0.40868, 1.00297] [-0.910941, 0.0368646, -0.401455, 0.0875268]
[0.0851592, 0.40529, 1.00076] [-0.914426, 0.0366687, -0.393021, 0.0895319]
[0.0872837, 0.403441, 0.999475] [-0.916616, 0.037235, -0.387773, 0.0897802]
[0.089436, 0.401682, 0.998108] [-0.919189, 0.0377465, -0.381655, 0.0894779]
[0.0919828, 0.399082, 0.995898] [-0.923157, 0.0390816, -0.372134, 0.0881459]
[0.0937418, 0.396742, 0.993411] [-0.926686, 0.041654, -0.36347, 0.0860668]
[0.0940041, 0.39523, 0.991757] [-0.92825, 0.0434803, -0.359515, 0.084915]
[0.093877, 0.393787, 0.989889] [-0.929832, 0.0454624, -0.35554, 0.0832834]
[0.0935956, 0.392082, 0.987762] [-0.931892, 0.0479383, -0.350441, 0.0804396]
[0.0930311, 0.390592, 0.985985] [-0.933364, 0.050232, -0.346649, 0.0783725]
[0.0917543, 0.389328, 0.984334] [-0.934372, 0.0517645, -0.344243, 0.0759363]
[0.0906877, 0.388118, 0.98264] [-0.935359, 0.0530823, -0.34183, 0.0737448]
[0.0897446, 0.386799, 0.980581] [-0.93628, 0.0544321, -0.339573, 0.07146]
[0.0888647, 0.385783, 0.97869] [-0.936852, 0.0553165, -0.338225, 0.0696652]
[0.0879317, 0.384485, 0.976151] [-0.937525, 0.0565256, -0.336507, 0.0679361]
[0.0868239, 0.382902, 0.97313] [-0.938219, 0.0577745, -0.334727, 0.0660595]
[0.0859195, 0.381929, 0.970717] [-0.938529, 0.0582579, -0.334001, 0.0649087]
[0.0849557, 0.380986, 0.968299] [-0.93865, 0.058759, -0.333745, 0.0640083]
[0.0841079, 0.380109, 0.965853] [-0.938775, 0.0589137, -0.333538, 0.0631211]
[0.0834026, 0.379071, 0.96347] [-0.93882, 0.0592782, -0.33344, 0.0626153]
[0.0828547, 0.378127, 0.960756] [-0.938922, 0.059474, -0.333121, 0.062601]
[0.0823965, 0.377234, 0.958257] [-0.939031, 0.0595305, -0.33287, 0.0622505]
[0.082094, 0.376525, 0.956229] [-0.939172, 0.0589827, -0.332651, 0.061813]
[0.0818795, 0.375917, 0.954402] [-0.939248, 0.0582004, -0.332637, 0.0614732]
[0.081671, 0.375517, 0.952639] [-0.939248, 0.0568844, -0.332913, 0.0612097]
[0.0814025, 0.375377, 0.951166] [-0.939086, 0.0551132, -0.33365, 0.0612939]
[0.0811094, 0.375479, 0.950095] [-0.938873, 0.0530737, -0.334477, 0.061857]
[0.0806097, 0.375499, 0.948816] [-0.938663, 0.0502066, -0.335604, 0.0613335]
[0.0800259, 0.375928, 0.947858] [-0.938288, 0.0469977, -0.337132, 0.061235]
[0.0791265, 0.376563, 0.947246] [-0.937562, 0.0436032, -0.339519, 0.0616654]
[0.0781869, 0.377156, 0.946521] [-0.937009, 0.0400775, -0.341536, 0.061325]
[0.0771764, 0.377536, 0.945831] [-0.93647, 0.0366266, -0.343547, 0.0604843]
[0.0759628, 0.378139, 0.94518] [-0.935463, 0.0328829, -0.346628, 0.0606369]
[0.074949, 0.37885, 0.944619] [-0.934489, 0.0292309, -0.349471, 0.0612002]
[0.0740651, 0.379531, 0.944032] [-0.933588, 0.0250363, -0.352224, 0.0610309]
[0.0740651, 0.379531, 0.944032] [-0.933588, 0.0250363, -0.352224, 0.0610309]
[0.0726748, 0.380619, 0.94309] [-0.931923, 0.016311, -0.357091, 0.0611474]
[0.0720524, 0.381123, 0.942664] [-0.931135, 0.0120399, -0.359406, 0.0605766]
[0.0716984, 0.381643, 0.9421] [-0.930557, 0.0080193, -0.361008, 0.0606071]
[0.071637, 0.381968, 0.941167] [-0.930373, 0.00457091, -0.361495, 0.0608858]
[0.0718006, 0.381983, 0.940025] [-0.930605, 0.000838627, -0.36111, 0.0597814]
[0.072082, 0.381884, 0.938901] [-0.930843, -0.00182556, -0.360475, 0.0598851]
[0.0726426, 0.381788, 0.93743] [-0.931517, -0.00523358, -0.35882, 0.0591385]
[0.0731314, 0.381746, 0.93612] [-0.932313, -0.00823245, -0.356883, 0.0579664]
[0.0733854, 0.381695, 0.934961] [-0.933078, -0.0109391, -0.354935, 0.0571523]
[0.0733047, 0.381489, 0.933717] [-0.933758, -0.0130695, -0.353181, 0.0564745]
[0.0726315, 0.381131, 0.932449] [-0.93435, -0.0147759, -0.351862, 0.0544434]
[0.0713926, 0.380788, 0.931429] [-0.934919, -0.0163203, -0.350693, 0.0517123]
[0.0697935, 0.38055, 0.930509] [-0.935434, -0.0175512, -0.349684, 0.0487364]
[0.0682351, 0.380275, 0.929502] [-0.935885, -0.0184563, -0.348852, 0.0456162]
[0.0649993, 0.378716, 0.926311] [-0.936417, -0.0184191, -0.348266, 0.0386538]
[0.0637527, 0.377658, 0.924737] [-0.93646, -0.0172518, -0.348429, 0.0366265]
[0.0628546, 0.376604, 0.923365] [-0.936521, -0.0164019, -0.34858, 0.0339332]
[0.0623412, 0.375895, 0.922667] [-0.936529, -0.015516, -0.34873, 0.032564]
[0.0618616, 0.374754, 0.921745] [-0.936621, -0.0137331, -0.348702, 0.0309901]
[0.0612034, 0.373242, 0.920625] [-0.936632, -0.0110281, -0.348879, 0.0297182]
[0.0604229, 0.371606, 0.919411] [-0.936531, -0.00794681, -0.349314, 0.0287427]
[0.0594645, 0.369518, 0.917814] [-0.936321, -0.00383987, -0.35004, 0.0275927]
[0.0578707, 0.36688, 0.915836] [-0.935598, 0.00151771, -0.352061, 0.0265958]
[0.0563015, 0.365052, 0.914767] [-0.934768, 0.00536596, -0.354285, 0.0257368]
[0.0548847, 0.363669, 0.914208] [-0.934094, 0.00819815, -0.356087, 0.0245728]
[0.0537013, 0.362688, 0.914015] [-0.933574, 0.0099681, -0.357529, 0.022661]
[0.0524502, 0.361707, 0.91379] [-0.933055, 0.011416, -0.359, 0.0199203]
[0.0513742, 0.361029, 0.913606] [-0.932591, 0.0124005, -0.360272, 0.0180196]
[0.0503548, 0.360594, 0.913529] [-0.932105, 0.01259, -0.361629, 0.0156612]
[0.0493313, 0.360363, 0.913567] [-0.93148, 0.0121667, -0.363346, 0.0132998]
[0.0485565, 0.360326, 0.913675] [-0.93082, 0.0116015, -0.36509, 0.0121827]
[0.0479659, 0.360514, 0.913738] [-0.929997, 0.0104961, -0.367235, 0.0116034]
[0.0479659, 0.360514, 0.913738] [-0.929997, 0.0104961, -0.367235, 0.0116034]
[0.0479659, 0.360514, 0.913738] [-0.929997, 0.0104961, -0.367235, 0.0116034]
[0.0479659, 0.360514, 0.913738] [-0.929997, 0.0104961, -0.367235, 0.0116034]
[0.0479659, 0.360514, 0.913738] [-0.929997, 0.0104961, -0.367235, 0.0116034]
[0.0479659, 0.360514, 0.913738] [-0.929997, 0.0104961, -0.367235, 0.0116034]
[0.0479659, 0.360514, 0.913738] [-0.929997, 0.0104961, -0.367235, 0.0116034]
[0.0476009, 0.363412, 0.912367] [-0.923232, 0.000191699, -0.383783, 0.0187782]
[0.047588, 0.364178, 0.912465] [-0.922058, -0.00182348, -0.386484, 0.0208896]
[0.0476871, 0.364872, 0.912648] [-0.920804, -0.00393245, -0.38934, 0.0227687]
[0.0480793, 0.365375, 0.912774] [-0.919702, -0.00578782, -0.391817, 0.0243836]
[0.0486964, 0.365978, 0.913032] [-0.918399, -0.0079927, -0.394679, 0.0266264]
[0.0494262, 0.366486, 0.913479] [-0.917131, -0.0102325, -0.397457, 0.0281774]
[0.0500084, 0.366887, 0.91412] [-0.915867, -0.0121116, -0.4002, 0.0296705]
[0.0503814, 0.367403, 0.915033] [-0.914265, -0.0142834, -0.403652, 0.0313224]
[0.0507852, 0.367718, 0.916093] [-0.912394, -0.0160855, -0.407645, 0.033231]
[0.0512511, 0.367772, 0.917097] [-0.910528, -0.0174194, -0.411611, 0.0348181]
[0.0517645, 0.367706, 0.91813] [-0.908653, -0.0184241, -0.415557, 0.0363605]
[0.052116, 0.367892, 0.91939] [-0.906544, -0.0199606, -0.419966, 0.0375361]
[0.0522731, 0.368264, 0.920973] [-0.904057, -0.0216282, -0.425082, 0.0389565]
[0.0523016, 0.368613, 0.922665] [-0.901522, -0.0230098, -0.430241, 0.0402712]
[0.0522018, 0.368777, 0.92422] [-0.899175, -0.0239521, -0.435013, 0.0409289]
[0.0521049, 0.368814, 0.925797] [-0.896811, -0.0244353, -0.439797, 0.0413646]
[0.0518438, 0.369183, 0.927726] [-0.893879, -0.0254208, -0.445548, 0.0426803]
[0.0514012, 0.36965, 0.929948] [-0.890588, -0.0267129, -0.4519, 0.043875]
[0.0509661, 0.369934, 0.932041] [-0.88761, -0.0276314, -0.457636, 0.0442148]
[0.0501456, 0.370303, 0.934433] [-0.884039, -0.0283212, -0.464405, 0.0447322]
[0.0490626, 0.37101, 0.936608] [-0.880569, -0.0294137, -0.470817, 0.0454353]
[0.0480838, 0.371502, 0.93839] [-0.877711, -0.0296799, -0.476103, 0.0454769]
[0.0472027, 0.371959, 0.940019] [-0.875148, -0.0298723, -0.480811, 0.0452163]
[0.0462967, 0.372425, 0.94183] [-0.872146, -0.0299612, -0.486262, 0.0448688]
[0.0455584, 0.373082, 0.943443] [-0.869155, -0.0304065, -0.491538, 0.0451201]
[0.0450453, 0.373883, 0.945002] [-0.866173, -0.031138, -0.496688, 0.0455558]
[0.0450885, 0.374563, 0.9463] [-0.863809, -0.0315152, -0.50075, 0.045721]
[0.0453288, 0.375288, 0.947507] [-0.861525, -0.0321815, -0.504583, 0.0461949]
[0.0456786, 0.375906, 0.948577] [-0.859176, -0.0323969, -0.508547, 0.0463462]
[0.0457794, 0.376656, 0.94939] [-0.857116, -0.0325585, -0.511984, 0.0465225]
[0.0455687, 0.377627, 0.950276] [-0.854771, -0.0331172, -0.51583, 0.0467809]
[0.044936, 0.378572, 0.951178] [-0.852115, -0.033577, -0.520205, 0.0464761]
[0.0443157, 0.379186, 0.951841] [-0.85008, -0.0336221, -0.523614, 0.0454053]
[0.0436699, 0.380092, 0.952909] [-0.847674, -0.0340891, -0.527543, 0.0445589]
[0.0431099, 0.380886, 0.954131] [-0.845164, -0.0345057, -0.531596, 0.0437419]
[0.0426069, 0.381411, 0.955275] [-0.842589, -0.0345212, -0.535746, 0.0427602]
[0.0421204, 0.382123, 0.956478] [-0.840088, -0.034681, -0.539675, 0.0424381]
[0.0415138, 0.383333, 0.958318] [-0.836481, -0.0358735, -0.545129, 0.0429781]
[0.0410454, 0.384094, 0.960117] [-0.833103, -0.0365875, -0.550209, 0.0432464]
[0.0405568, 0.384693, 0.961766] [-0.830245, -0.0373702, -0.55444, 0.0435147]
[0.0399256, 0.385279, 0.963626] [-0.827314, -0.0383708, -0.558712, 0.0438158]
[0.0390725, 0.386151, 0.965992] [-0.823765, -0.0400236, -0.563728, 0.044949]
[0.038078, 0.387359, 0.96877] [-0.819586, -0.0417292, -0.569465, 0.0474057]
[0.0374351, 0.388171, 0.970563] [-0.816721, -0.0424275, -0.573308, 0.0498517]
[0.0368938, 0.388919, 0.972205] [-0.813918, -0.0426329, -0.576989, 0.0529557]
[0.036308, 0.390084, 0.974256] [-0.810208, -0.0444695, -0.581716, 0.0565006]
[0.0357426, 0.391019, 0.976206] [-0.806677, -0.0457138, -0.586081, 0.0607579]
[0.0350612, 0.391536, 0.978141] [-0.803553, -0.0468232, -0.589852, 0.064685]
[0.0341934, 0.392319, 0.980707] [-0.799846, -0.0488526, -0.594215, 0.0690488]
[0.0333268, 0.393192, 0.983762] [-0.795841, -0.0519523, -0.598838, 0.0730091]
[0.0323403, 0.393535, 0.986738] [-0.792295, -0.0546972, -0.602863, 0.0763712]
[0.0314966, 0.3942, 0.989675] [-0.788483, -0.0579228, -0.607023, 0.0803896]
[0.030729, 0.394868, 0.99219] [-0.784743, -0.0611245, -0.610926, 0.084924]
[0.0300042, 0.395419, 0.994336] [-0.781434, -0.0646075, -0.614207, 0.0890867]
[0.0291336, 0.396257, 0.996814] [-0.777315, -0.0690338, -0.618142, 0.094428]
[0.028389, 0.396919, 0.99893] [-0.774171, -0.0731076, -0.620957, 0.0986261]
[0.0277867, 0.397908, 1.00129] [-0.770842, -0.0780061, -0.623752, 0.10321]
[0.0271718, 0.399034, 1.00383] [-0.767122, -0.0839906, -0.626617, 0.108723]
[0.0256976, 0.401339, 1.00831] [-0.760863, -0.0947119, -0.631048, 0.11788]
[0.0246862, 0.402366, 1.01051] [-0.7579, -0.0998359, -0.632983, 0.122284]
[0.0236342, 0.403706, 1.01276] [-0.754459, -0.105567, -0.635143, 0.127438]
[0.0225149, 0.405212, 1.0153] [-0.751186, -0.112121, -0.636784, 0.132867]
[0.0217153, 0.406867, 1.01812] [-0.747479, -0.119813, -0.638603, 0.138226]
[0.0205403, 0.409741, 1.02239] [-0.741816, -0.133674, -0.640503, 0.146956]
[0.0197233, 0.411506, 1.02532] [-0.738216, -0.142501, -0.641483, 0.152415]
[0.0189814, 0.413324, 1.02795] [-0.734646, -0.150442, -0.642384, 0.158132]
[0.018619, 0.414903, 1.03008] [-0.731842, -0.15763, -0.642632, 0.163046]
[0.0180877, 0.416527, 1.0329] [-0.728554, -0.166364, -0.642859, 0.168119]
[0.0177607, 0.418288, 1.03547] [-0.725211, -0.175493, -0.642713, 0.173758]
[0.0175354, 0.419851, 1.03782] [-0.721892, -0.183329, -0.642752, 0.179255]
[0.0175816, 0.421592, 1.04095] [-0.718103, -0.193617, -0.64216, 0.185662]
[0.0179188, 0.423106, 1.04338] [-0.71454, -0.202752, -0.641488, 0.191877]
[0.018408, 0.424426, 1.04563] [-0.711367, -0.211809, -0.640543, 0.196973]
[0.0191093, 0.425814, 1.04827] [-0.707479, -0.220293, -0.639928, 0.20356]
[0.0197671, 0.426956, 1.05072] [-0.703658, -0.229377, -0.638802, 0.210198]
[0.0201981, 0.427989, 1.05306] [-0.700088, -0.237949, -0.637704, 0.215849]
[0.0204635, 0.428962, 1.05568] [-0.696107, -0.246883, -0.636558, 0.221987]
[0.0206718, 0.429815, 1.05812] [-0.691728, -0.255462, -0.635533, 0.228801]
[0.0206733, 0.430455, 1.06039] [-0.688166, -0.264408, -0.633973, 0.233654]
[0.0207056, 0.431063, 1.06259] [-0.683869, -0.271949, -0.632827, 0.240619]
[0.0205703, 0.43143, 1.06478] [-0.679881, -0.279452, -0.63181, 0.245936]
[0.0205402, 0.431631, 1.06696] [-0.675951, -0.287959, -0.629911, 0.251757]
[0.0209515, 0.431758, 1.06908] [-0.670754, -0.297161, -0.628131, 0.259298]
[0.0215694, 0.431721, 1.07093] [-0.666322, -0.305475, -0.626276, 0.265478]
[0.0220725, 0.431489, 1.07259] [-0.661567, -0.3125, -0.624784, 0.272614]
[0.0223786, 0.431243, 1.07369] [-0.657882, -0.319532, -0.622735, 0.278015]
